>>01/12/2019 23:24:42
REGRESSION
----------
SUMMARY OF OUTPUT: SPATIAL LAG MODEL - MAXIMUM LIKELIHOOD ESTIMATION
Data set            : BonusFile
Spatial Weight      : Bonusfile weights
Dependent Variable  :  LSOA2011 A  Number of Observations: 1107
Mean dependent var  :     13.0277  Number of Variables   :    3
S.D. dependent var  :     10.1781  Degrees of Freedom    : 1104
Lag coeff.   (Rho)  :    0.924259

R-squared           :    0.784017  Log likelihood        :    -3437.88
Sq. Correlation     : -            Akaike info criterion :     6881.75
Sigma-square        :     22.3743  Schwarz criterion     :     6896.78
S.E of regression   :     4.73014

-----------------------------------------------------------------------------
       Variable       Coefficient     Std.Error       z-value    Probability
-----------------------------------------------------------------------------
      W_LSOA2011 A      0.924259       0.011192         82.582     0.00000
          CONSTANT      0.349928       0.433679       0.806882     0.41973
        IMD only_I     0.0285752      0.0147539        1.93679     0.05277
-----------------------------------------------------------------------------

REGRESSION DIAGNOSTICS
DIAGNOSTICS FOR HETEROSKEDASTICITY 
RANDOM COEFFICIENTS
TEST                                     DF      VALUE        PROB
Breusch-Pagan test                       1         3.5450     0.05973

DIAGNOSTICS FOR SPATIAL DEPENDENCE
SPATIAL LAG DEPENDENCE FOR WEIGHT MATRIX : Bonusfile weights
TEST                                     DF      VALUE        PROB
Likelihood Ratio Test                    1      1372.0307     0.00000

  OBS      LSOA2011 A        PREDICTED        RESIDUAL       PRED ERROR
    1           4.6755        10.79294        -1.17794        -6.11746
    2           2.6159        10.88660        -2.87890        -8.27072
    3           2.8147        10.72814        -1.87343        -7.91342
    4           4.4925        10.55441        -0.31372        -6.06188
    5           4.9463        11.73384         0.10148        -6.78757
    6           4.8039        11.63376        -0.31769        -6.82982
    7           3.3573        12.79110        -1.69338        -9.43385
    8           6.7797        10.88628         1.64770        -4.10653
    9           14.242        15.45366         2.46691        -1.21196
   10           6.4747        14.36905        -3.84880        -7.89437
   11           3.8218        14.05649        -0.91855       -10.23474
   12           9.6078        16.07565        -2.15989        -6.46782
   13           5.6252        10.61198        -2.43361        -4.98678
   14           3.6551        13.93667        -1.52450       -10.28155
   15           4.6898        13.25106        -0.36334        -8.56125
   16           8.0451        14.65942        -0.29095        -6.61429
   17           6.2742        14.83204        -2.81095        -8.55780
   18           6.9993        16.16991        -3.90053        -9.17065
   19          0.86423        10.94360        -5.21272       -10.07937
   20           4.5198        10.62466        -0.01370        -6.10485
   21           4.5078        10.84243        -0.02939        -6.33466
   22           3.4931        13.99888        -2.14843       -10.50580
   23           5.5796        12.68221        -0.55768        -7.10261
   24           7.3884         1.41578         5.97267         5.97267
   25           4.5241        12.00318        -2.18169        -7.47905
   26             7.74        14.39079        -1.10630        -6.65077
   27           12.947        14.24175         4.80076        -1.29505
   28           8.0691        14.30285         0.75524        -6.23371
   29           4.4812        14.56081        -3.34047       -10.07963
   30           11.731        16.27570         3.11081        -4.54460
   31           4.1925        15.64644        -4.12319       -11.45395
   32           12.002        15.71869         1.83883        -3.71659
   33           13.127        14.88342         3.08000        -1.75662
   34           4.5724        15.20149        -4.85896       -10.62910
   35           13.636        12.02576         1.69574         1.61034
   36           18.281        12.75716         5.66310         5.52364
   37           5.4967        12.97978        -1.39479        -7.48306
   38           6.4013        12.45383        -3.88148        -6.05248
   39            7.163        12.04651        -2.22395        -4.88354
   40           13.519        12.48239        -1.47079         1.03631
   41           14.277        12.45708         0.21142         1.81962
   42           10.941        12.15152        -2.50643        -1.21032
   43           9.0905        14.74670        -1.96948        -5.65625
   44           15.322        14.50131         2.49936         0.82019
   45           18.137        13.82981         4.21805         4.30769
   46            15.47        14.42954         2.61156         1.04016
   47           15.114        13.21598         0.17005         1.89772
   48           13.662        13.02788         0.98400         0.63452
   49           11.277        14.03514        -2.21732        -2.75804
   50           8.9393        14.15373        -1.28154        -5.21445
   51           4.1254        10.94733        -1.10407        -6.82197
   52           9.2043        12.90996         2.52149        -3.70565
   53           7.2449        12.04202        -0.79607        -4.79711
   54           5.5574        11.55631        -2.11817        -5.99892
   55           11.049        11.05284         2.70965        -0.00424
   56           7.9219        10.79144         1.72360        -2.86957
   57           5.5598        12.64107        -2.02821        -7.08127
   58           6.5614        12.29285         0.59537        -5.73146
   59           16.453        12.21462         4.34798         4.23878
   60           5.1773        11.44975        -0.56121        -6.27241
   61           3.9343        11.70088        -4.35466        -7.76656
   62           10.772        12.65180         0.83787        -1.87950
   63           9.3492        11.63739        -0.99877        -2.28817
   64           20.672        12.42340         8.32518         8.24890
   65           3.3297        11.92939        -1.89457        -8.59969
   66           5.2686        12.61666        -0.80374        -7.34802
   67           9.0831        11.76803        -1.11168        -2.68489
   68           6.9311        11.06535         0.61080        -4.13422
   69            9.836        12.60894        -1.39188        -2.77298
   70            9.254        11.33981         1.11342        -2.08578
   71           6.4086        11.03529         0.46454        -4.62673
   72           10.172        10.96289         2.56010        -0.79089
   73           7.6276        14.24609        -2.16782        -6.61849
   74           16.779        13.68451         6.25068         3.09459
   75           9.0111        14.03323         2.99347        -5.02211
   76           6.6471        13.56619        -1.36084        -6.91905
   77            6.107        14.39435        -3.36567        -8.28739
   78           28.017        14.90304         8.96325        13.11346
   79           23.638        15.04352         7.54794         8.59428
   80           17.764        14.51323         3.81270         3.25037
   81           9.8165        15.13034        -8.03383        -5.31382
   82           11.093        15.24162        -6.57785        -4.14892
   83           6.7759        14.10900        -2.08765        -7.33314
   84           9.8204        14.38347        -1.85505        -4.56308
   85           8.0195        14.52387        -2.53501        -6.50442
   86           15.619        13.58601        -9.43486         2.03269
   87           21.108        12.72411         0.40685         8.38389
   88           22.003        12.40750         5.48945         9.59550
   89           7.9046        12.06401        -8.05606        -4.15939
   90            20.03        12.70721         1.59181         7.32289
   91           4.0874        14.11850        -2.47013       -10.03109
   92           10.104        14.21710         3.37153        -4.11320
   93           5.0229        13.58137        -2.08828        -8.55847
   94           3.8394        13.52666        -2.63576        -9.68725
   95           2.2541        14.22866        -4.59033       -11.97459
   96           6.7017        14.42778        -1.53951        -7.72610
   97            4.891        14.61876        -3.21776        -9.72777
   98           7.2737        13.44945        -2.26165        -6.17579
   99           3.3386        14.95325        -2.35462       -11.61464
  100           2.7147        15.03335        -2.75229       -12.31863
  101           5.7759        14.30590        -3.33612        -8.53004
  102           3.8279        12.75871        -3.92911        -8.93082
  103           8.3261        12.32248        -1.05631        -3.99641
  104           6.8844        13.06864        -1.53004        -6.18428
  105           7.5943        13.75503        -1.11851        -6.16075
  106           4.2541        14.78114        -1.67572       -10.52707
  107           6.3456        14.55841        -1.99614        -8.21277
  108           14.755        12.82977         0.68548         1.92493
  109           18.691        12.50868         4.66789         6.18212
  110           17.133        12.93787         3.55089         4.19473
  111           13.397        13.91178        -0.45006        -0.51508
  112           9.6074        13.80499        -5.09977        -4.19759
  113           15.071        13.03021        -1.07963         2.04089
  114           4.4953        14.02902        -2.23926        -9.53368
  115           4.8521        13.87513        -3.02462        -9.02304
  116           6.7984        14.86797        -1.57890        -8.06954
  117           18.995        14.89104         5.89644         4.10426
  118           8.6915        14.51118        -1.07046        -5.81972
  119           13.277        14.40987         1.78470        -1.13257
  120           9.7613        14.39046         2.21775        -4.62919
  121           8.8036        14.17701        -1.36304        -5.37339
  122           4.0287        12.66222        -0.64647        -8.63352
  123            4.961        13.17379        -1.50119        -8.21280
  124           3.2017        12.68240        -1.94656        -9.48074
  125           5.2192        13.35147        -0.82967        -8.13222
  126           5.1195        12.75089        -0.25459        -7.63138
  127           6.5007        13.65430        -0.04433        -7.15361
  128           4.6133        12.69067        -0.79710        -8.07736
  129           4.7607        13.17420        -0.39727        -8.41348
  130           4.7133        13.47868        -1.40739        -8.76538
  131           9.8141        14.83689        -1.15070        -5.02275
  132           8.8119        14.83315         2.15699        -6.02126
  133           9.1105        15.05601         0.84580        -5.94549
  134           5.7426        15.19480        -2.82870        -9.45219
  135           9.3519        15.44550         1.99015        -6.09359
  136           4.5961        15.20083        -3.27384       -10.60475
  137           30.148        15.15773         6.53999        14.99027
  138           39.556        15.10892        12.50492        24.44718
  139           17.761        15.01623         1.85761         2.74437
  140           5.1851        14.49738        -3.58711        -9.31231
  141           13.685        14.79514        -4.32707        -1.11054
  142           12.109        14.84515        -1.50160        -2.73585
  143           8.7545        14.14253         1.43940        -5.38805
  144           2.9455        14.93896        -8.97424       -11.99346
  145           6.8281        14.39738        -2.55352        -7.56930
  146           7.7443        14.10381        -0.42658        -6.35947
  147           17.984        15.19612        -3.15321         2.78828
  148            12.13        15.60255        -1.90027        -3.47295
  149           10.406        14.88608        -2.99540        -4.48028
  150           9.3272        14.92403        -2.92705        -5.59685
  151           16.733        15.45649         2.14474         1.27651
  152           9.8676        15.24952        -3.80177        -5.38188
  153           17.727        15.35784         0.16580         2.36896
  154           13.601        15.50140         0.45388        -1.90090
  155           15.433        11.90886         6.64046         3.52454
  156           17.547        11.87445         9.77674         5.67305
  157           12.553        12.39181        -1.30075         0.16119
  158           19.853        13.53808         1.99123         6.31472
  159           31.576        13.14339        11.66446        18.43271
  160           9.4206        13.23943        -3.50979        -3.81886
  161           18.268        13.53080         7.05732         4.73700
  162           6.0486        15.03617         2.39799        -8.98761
  163           4.3798        14.49609         1.26935       -10.11625
  164           9.6685        13.67977        -0.24018        -4.01125
  165            11.42        13.41984         2.70134        -1.99944
  166           11.694        13.27330         3.45498        -1.57960
  167           43.348        13.72417        27.74550        29.62423
  168           4.7075        16.33235        -3.56535       -11.62482
  169           11.428        16.25347         2.70831        -4.82497
  170           8.9258        16.28782         0.34773        -7.36198
  171           4.1539        16.22813        -3.97536       -12.07420
  172           4.6098        16.17761        -2.24740       -11.56776
  173           12.374        16.79781         4.13478        -4.42331
  174           9.1922        16.77812        -1.01672        -7.58588
  175           9.1387        16.88424        -0.97314        -7.74552
  176           5.3938        17.43614        -6.57829       -12.04237
  177           11.369        17.10194         1.80965        -5.73314
  178           4.6563        16.18297        -2.11050       -11.52666
  179           6.1367        16.80049        -2.59058       -10.66377
  180           10.854        17.03119         1.89611        -6.17669
  181           9.3271        17.53412        -2.27185        -8.20699
  182           7.1876        15.53216        -0.84328        -8.34457
  183           9.1589        15.81175         1.92306        -6.65288
  184           9.5046        12.65320        -2.79090        -3.14855
  185           14.216        12.16959         1.97190         2.04661
  186           7.7923        11.90238        -3.36655        -4.11010
  187           11.722        11.77518         1.01675        -0.05288
  188           9.5918        11.65493        -0.13928        -2.06311
  189           19.206        14.69073         4.26385         4.51487
  190           13.463        12.56060        -0.36118         0.90260
  191           7.2961        15.87636        -5.75496        -8.58027
  192           13.075        16.45778        -1.18132        -3.38318
  193           7.1673        16.19777        -2.20040        -9.03052
  194           12.073        16.49414        -0.22494        -4.42134
  195           19.095        16.27459         6.12213         2.82071
  196           7.3139        16.69779        -5.27116        -9.38386
  197           16.739        15.91231        -1.29825         0.82709
  198           13.757        15.73819        -2.06239        -1.98089
  199           27.821        15.16819        10.35051        12.65281
  200           13.934        15.17203        -5.55882        -1.23763
  201           15.248        15.42570        -1.55532        -0.17800
  202           8.9875        11.67643        -1.28337        -2.68898
  203           10.861        11.43834         0.57336        -0.57764
  204           10.597        11.28282         0.83588        -0.68582
  205            21.62        13.41234         4.06160         8.20726
  206           7.4307        12.21566        -1.28124        -4.78499
  207           9.9937        11.54730        -0.10538        -1.55361
  208           4.8231        13.67990        -0.59488        -8.85679
  209           4.8568        13.72648        -0.12384        -8.86972
  210           21.917        13.20858         8.22052         8.70812
  211           5.6505        12.18309        -3.50041        -6.53257
  212           21.906        12.33868         8.49253         9.56702
  213           9.0607        12.41073        -4.45477        -3.35004
  214           7.9934        12.14925        -2.95935        -4.15581
  215           7.4892        12.35168        -3.71643        -4.86244
  216           6.6539        11.69725        -1.32269        -5.04335
  217           13.628        13.37058        -1.00494         0.25712
  218           13.954        14.00732        -0.22799        -0.05342
  219           10.347        14.55256        -1.82221        -4.20536
  220           15.466        12.79943         1.10641         2.66667
  221           16.778        12.87336         0.18619         3.90464
  222           13.071        12.32089         0.77096         0.75011
  223           18.922        12.57476         2.84128         6.34754
  224           8.4914        11.75752        -0.24392        -3.26612
  225           20.206        13.83847         4.48860         6.36733
  226           22.769        12.66047         3.34058        10.10883
  227           6.6911        15.03512        -1.28660        -8.34398
  228           7.7549        15.59944        -0.94315        -7.84454
  229           9.9781        16.03011         0.34035        -6.05205
  230           6.5614        15.06892        -1.37232        -8.50747
  231           6.6148        14.75365        -0.50434        -8.13885
  232           6.9244        16.23210        -1.55021        -9.30772
  233           5.3262        15.51001        -1.77787       -10.18386
  234            8.058        17.29419        -3.06780        -9.23621
  235           17.544        17.36416         3.97720         0.18024
  236           9.3713        13.88197         2.10306        -4.51064
  237           11.861        13.06277        -2.37775        -1.20207
  238             8.09        12.62818        -7.16147        -4.53815
  239           4.1573        11.33781        -3.15249        -7.18050
  240           20.143        12.47681         2.61846         7.66599
  241           36.899        14.29745         8.97217        22.60125
  242           13.318        13.77087         4.20111        -0.45307
  243           7.7676        13.64121        -4.62770        -5.87357
  244           13.308        14.09538        -6.70888        -0.78698
  245           40.266        14.88704        13.57403        25.37916
  246           24.944        14.00234        -0.44197        10.94206
  247           30.083        14.94689         3.29126        15.13651
  248           17.256        13.23377         3.74992         4.02273
  249           3.3281        14.05482        -1.55089       -10.72671
  250           5.1295        14.15117        -0.40236        -9.02163
  251           3.9821        14.29420        -2.09931       -10.31206
  252           3.9532        14.07015        -5.64925       -10.11694
  253           3.8174        14.26701        -1.92678       -10.44957
  254           10.171        14.67479        -5.57253        -4.50389
  255           4.6838        14.70816        -1.25761       -10.02438
  256           18.988        12.44651         1.82219         6.54169
  257            2.877        14.79683        -1.51543       -11.91980
  258           3.2038        13.52346        -1.37258       -10.31970
  259           4.1977        15.98294        -1.00321       -11.78523
  260           15.714        16.38537        -2.15740        -0.67117
  261           11.833        15.73109        -1.26827        -3.89799
  262           13.736        16.18185         0.40211        -2.44615
  263           19.398        17.85401        -1.00530         1.54389
  264           15.859        17.25139         0.44464        -1.39229
  265           31.465        17.36157         8.19708        14.10313
  266           25.114        17.61437        -1.49675         7.49983
  267           25.395        17.16837         0.63390         8.22673
  268           29.733        17.34852         3.85287        12.38458
  269           26.675        16.97084         2.69409         9.70396
  270           19.537        16.35678        -0.65791         3.17972
  271           12.348        16.92736        -6.61190        -4.57906
  272           20.289        16.61961         1.16111         3.66909
  273           20.115        16.13239         0.71845         3.98301
  274            24.86        16.84148         6.83609         8.01882
  275           12.958        17.22856         1.53392        -4.27096
  276            2.671        16.71446        -8.19290       -14.04342
  277           5.0382        17.02221        -3.04074       -11.98405
  278           3.5312        17.34767        -3.10296       -13.81647
  279           5.5455        16.89176        -5.00880       -11.34628
  280           6.6047        17.61159         0.52680       -11.00688
  281           7.5668        17.14350        -0.96929        -9.57666
  282           21.031        16.77024         3.11255         4.26046
  283           13.607        16.60675        -0.84356        -2.99985
  284            22.96        16.70283         3.54209         6.25767
  285           18.869        16.89204        -2.69062         1.97676
  286           15.503        16.87452        -1.43474        -1.37162
  287             16.1        17.04282         0.46989        -0.94282
  288           11.538        16.92407        -2.51573        -5.38587
  289           4.3983        15.57859        -2.50089       -11.18027
  290           6.3996        15.87098        -2.92268        -9.47135
  291           12.835        15.68184         1.86202        -2.84734
  292           6.2451        16.12666        -2.76813        -9.88154
  293           8.1066        16.46779        -0.93956        -8.36122
  294           8.4743        17.23721        -8.95351        -8.76289
  295           5.6086        16.09241        -0.74193       -10.48382
  296           4.5229        15.46174        -6.06855       -10.93889
  297           7.6433        15.21846         0.08211        -7.57520
  298           16.584        15.13730         7.36837         1.44690
  299           17.451        15.12131         9.98681         2.32949
  300            8.799        14.87301        -1.63576        -6.07401
  301           6.3156        15.10308        -3.83348        -8.78749
  302           12.034        14.58938         1.63900        -2.55528
  303           7.0135        14.82194        -5.27951        -7.80846
  304           10.366        15.21117        -5.51347        -4.84507
  305           10.718        13.99107         1.87186        -3.27287
  306           11.614        15.20108        -8.46231        -3.58738
  307           34.632        15.34938         9.80472        19.28302
  308           12.925         9.99493         3.93828         2.92967
  309           4.7633        10.76974        -1.07260        -6.00640
  310           4.8477        10.67762        -1.17907        -5.82991
  311           4.8733        10.03592        -1.92476        -5.16258
  312           8.6718        10.69367         1.70092        -2.02188
  313           6.3709        10.97540         0.31763        -4.60449
  314           10.545        10.21570         3.49103         0.32930
  315           3.2611        11.19524        -1.37739        -7.93419
  316            4.027        10.70258        -0.65290        -6.67558
  317           7.7924         9.96192         0.80791        -2.16947
  318           6.1719        10.66217         0.38228        -4.49026
  319           9.7145        10.20292        -0.01689        -0.48842
  320           8.4277        10.29270        -0.93450        -1.86501
  321           10.911        11.42915         0.71058        -0.51815
  322           18.144        10.63634         7.89219         7.50756
  323           18.159        11.39243         5.81674         6.76607
  324           16.896        12.03381         1.74387         4.86179
  325            3.484        10.77025        -4.56337        -7.28621
  326           13.846        11.78834        -0.33681         2.05756
  327             5.63        12.96603        -4.81091        -7.33598
  328           6.3488        14.28529        -1.65910        -7.93648
  329           9.2876        14.61468        -0.22506        -5.32709
  330           4.8111        14.23560        -2.88645        -9.42454
  331           6.3524        14.22117        -1.30518        -7.86880
  332           7.2866        14.06216        -1.47718        -6.77552
  333           9.0884        14.80629        -0.22365        -5.71788
  334           15.036        13.80843        -1.47743         1.22717
  335           10.694        14.69620        -1.01010        -4.00260
  336           12.171        15.33599        -2.52187        -3.16479
  337           24.439        15.02550         1.82834         9.41330
  338           19.552        15.20549        -2.08256         4.34611
  339           22.349        14.94174         4.39605         7.40776
  340           18.588        14.21141         1.82235         4.37629
  341           17.624        15.18418        -1.46544         2.43942
  342           10.524        14.95373        -2.67466        -4.43023
  343           6.8365        14.05012        -2.19679        -7.21360
  344           6.1177        13.19738        -1.05752        -7.07972
  345           6.0422        14.16396        -1.59388        -8.12178
  346           5.8453        13.66758        -1.30575        -7.82226
  347           7.4411        14.11072         0.77932        -6.66962
  348           6.8892        14.01380        -0.72890        -7.12463
  349           7.8529        13.63991        -0.01133        -5.78702
  350           2.6057        13.00606        -2.55283       -10.40040
  351           4.1469        13.10713        -0.35906        -8.96024
  352           4.5165        12.39581        -1.84072        -7.87933
  353           5.2456        12.04904        -1.34886        -6.80340
  354           6.1275        11.84035        -0.66170        -5.71282
  355           12.489        12.10295         6.39252         0.38645
  356           3.7173        12.97887        -1.70349        -9.26161
  357           2.9095        13.11068        -2.87980       -10.20118
  358           4.8265        12.55600        -1.74991        -7.72950
  359           6.9007        12.59440         0.49732        -5.69371
  360           8.0844        12.24434         0.96990        -4.15994
  361           4.5202        12.56365        -1.51223        -8.04350
  362           3.5534        13.15418        -0.97691        -9.60075
  363           7.0128        12.88128        -7.75056        -5.86848
  364           12.969        13.61821         1.27507        -0.64921
  365           16.091        14.60969        -0.39981         1.48121
  366           23.609        14.87966         3.01429         8.72954
  367           8.7111        13.61431        -4.22062        -4.90317
  368           15.632        14.20030         3.23600         1.43160
  369            13.33        13.41753        -0.52629        -0.08753
  370           9.7848        13.91173        -1.62692        -4.12698
  371           9.5278        13.49219        -4.08635        -3.96437
  372           19.503        13.57841         2.67660         5.92429
  373           8.7229        13.56813        -6.80744        -4.84525
  374           17.736        14.47711         5.74673         3.25919
  375            19.73        13.97572         2.05642         5.75408
  376           20.076        14.18437         3.21040         5.89173
  377           24.773        14.55582         5.85171        10.21758
  378           3.0852        11.98135        -3.16357        -8.89617
  379            6.178        13.00015        -1.00277        -6.82219
  380           8.1774        12.40368         2.17298        -4.22625
  381           2.8279        11.80368        -3.32182        -8.97579
  382           8.7665        12.32430         2.76054        -3.55781
  383           5.8766        13.44884        -1.99343        -7.57219
  384           6.1109        11.90335         0.80974        -5.79248
  385           5.8403        12.73160         0.05487        -6.89127
  386            3.257        12.18728        -2.49995        -8.93028
  387           4.4253        12.10942        -0.40097        -7.68410
  388           3.7575        11.83499        -2.76773        -8.07746
  389           6.7736        12.09779         0.91781        -5.32419
  390           4.8808        12.38987        -2.43003        -7.50907
  391           3.6348        12.29450        -1.64638        -8.65973
  392           10.313        14.84162        -1.28442        -4.52862
  393           18.788        14.86169         2.61000         3.92671
  394           15.195        14.47914         0.86162         0.71586
  395           14.757        15.42322         2.20484        -0.66592
  396           1.0872        15.39213        -6.70672       -14.30497
  397           14.321        14.37425         0.27475        -0.05365
  398           28.861        14.78471         7.06287        14.07659
  399           4.3638        15.91439        -1.69792       -11.55061
  400           2.5909        15.86825        -3.97130       -13.27734
  401           5.8922        15.36149         0.40968        -9.46924
  402            6.751        15.03581        -2.65407        -8.28482
  403           3.6788        15.07678        -3.04263       -11.39798
  404           5.8679        14.79956        -0.86365        -8.93168
  405           5.1741        14.89144        -3.39915        -9.71736
  406            19.42        14.44828         1.00157         4.97182
  407           27.692        14.68442         5.12935        13.00748
  408           9.3431        14.66102        -1.49703        -5.31788
  409           13.096        14.37339         0.62484        -1.27779
  410           22.062        14.55232         2.74428         7.51008
  411            11.52        14.58454        -2.45827        -3.06484
  412           32.454        14.64801         7.40518        17.80599
  413            19.37        14.25107        -0.53491         5.11913
  414           5.4172        13.03815        -0.68805        -7.62091
  415           7.9471        13.37921         2.17584        -5.43211
  416           4.4987        13.27026        -1.34276        -8.77158
  417           3.9269        13.31620        -3.27880        -9.38926
  418           7.4391        13.75366        -0.10396        -6.31456
  419           7.8256        13.67189         0.47686        -5.84626
  420           7.7111        13.63774         0.81181        -5.92664
  421            20.79        15.51580         2.91501         5.27390
  422           11.178        15.50571        -1.11400        -4.32821
  423           4.3118        16.03897        -2.34048       -11.72721
  424           13.078        15.78078         1.15717        -2.70238
  425           8.5424        15.89056        -0.71995        -7.34816
  426           9.5604        15.67123         2.61824        -6.11079
  427           8.4169        15.64538        -0.46941        -7.22847
  428           4.9731        15.74322        -1.32089       -10.77013
  429            4.587        15.61250        -3.29995       -11.02547
  430           5.3413        15.25871        -4.24113        -9.91738
  431           15.168        15.04859        -3.77929         0.11971
  432            9.693        14.39708        -2.95431        -4.70405
  433           3.7311        15.61943        -5.12670       -11.88830
  434           11.719        14.98887         1.73914        -3.27017
  435           17.981        13.17354        -0.33675         4.80756
  436           22.096        13.27530         5.65980         8.82100
  437           23.298        12.75963         7.88252        10.53857
  438           20.655        13.32347         3.05725         7.33173
  439           25.913        13.48292         6.40089        12.43048
  440             22.3        13.13750         5.26719         9.16300
  441           14.769        12.86134        -0.48301         1.90776
  442           31.532        14.97990         7.76083        16.55240
  443           17.667        15.55047         5.27714         2.11693
  444           16.658        15.20122        -2.65541         1.45668
  445           12.591        15.33162         2.84119        -2.74012
  446           16.185        14.97203        -1.98621         1.21337
  447           4.2772        15.57801        -4.52943       -11.30082
  448           4.7271        15.91867        -8.58012       -11.19159
  449           2.7654        13.92885        -2.43595       -11.16343
  450           3.8228        13.37753        -2.35893        -9.55473
  451           8.9818        13.92745         2.86937        -4.94564
  452           3.3481        14.69862        -2.15851       -11.35054
  453           7.4855        14.40273         0.71455        -6.91722
  454           8.8133        14.54793         2.15341        -5.73468
  455            2.382        15.32250        -4.32646       -12.94051
  456           8.1019        14.41451        -1.35399        -6.31266
  457           9.8802        14.60306        -0.47448        -4.72282
  458           5.3398        15.13879        -2.36994        -9.79896
  459           11.849        14.39279         2.33722        -2.54409
  460           14.399        14.37478         4.12095         0.02472
  461           12.752        14.47299        -2.94590        -1.72099
  462           6.2709        14.30913        -0.93534        -8.03827
  463            10.48        14.25492        -1.05050        -3.77462
  464             14.7        13.83262         2.82063         0.86788
  465           10.385        13.91108        -4.30912        -3.52628
  466            14.88        13.91792         2.64579         0.96258
  467           4.4902        12.56169        -3.90012        -8.07152
  468           7.5752        13.73600        -0.40327        -6.16081
  469           11.076        14.40243         1.07570        -3.32653
  470           9.5126        13.98537         0.45667        -4.47275
  471           1.5081        13.64224        -3.26059       -12.13418
  472           15.782        15.31731         2.36274         0.46429
  473           40.534        15.82574        20.64951        24.70856
  474           6.7869        16.42094        -2.14881        -9.63401
  475           26.333        17.07343         4.14386         9.25997
  476           12.457        16.58083         1.44261        -4.12393
  477            7.033        16.16452        -1.27985        -9.13148
  478           14.171        17.05818        -7.15308        -2.88748
  479           7.3906        16.15001        -6.23755        -8.75942
  480           31.917        15.61124        10.35141        16.30546
  481           16.231        15.68827         1.13727         0.54313
  482           13.145        17.40299         3.18368        -4.25809
  483             7.46        17.23747        -1.99280        -9.77746
  484           8.2028        17.07860         1.54314        -8.87579
  485           4.5869        15.67863        -3.50593       -11.09177
  486            6.753        16.42514        -1.19507        -9.67212
  487           4.8654        15.83453        -2.91001       -10.96914
  488           6.3986        16.20438        -0.39688        -9.80579
  489           7.0149        15.61832         0.84516        -8.60341
  490           7.4355        16.42231         0.29596        -8.98680
  491           5.7512        16.56695        -1.14794       -10.81574
  492           3.8584        14.12573        -0.58068       -10.26729
  493           3.0149        14.07782        -1.27404       -11.06293
  494           2.5171        13.42292        -1.97674       -10.90582
  495            4.821        14.31022         0.26196        -9.48921
  496           4.0769        14.04194        -1.01565        -9.96501
  497           6.6856        13.69307        -1.56358        -7.00747
  498           4.7284        16.28051        -1.91232       -11.55213
  499           7.4282        16.52548         0.94725        -9.09726
  500           5.8299        16.93168        -1.07253       -11.10175
  501           3.4836        15.16507        -3.32402       -11.68144
  502           5.8107        14.17625        -1.56460        -8.36554
  503           16.953        15.19426        -1.92094         1.75864
  504           8.9103        14.46015         1.87904        -5.54986
  505           9.0879        14.36136         0.55811        -5.27342
  506           8.5049        15.33524        -1.68319        -6.83029
  507           3.4708        16.59402        -3.56556       -13.12322
  508            3.681        16.54232        -2.53255       -12.86130
  509           5.2242        16.95815        -2.02471       -11.73392
  510             9.07        17.21816         1.29743        -8.14818
  511           5.9227        17.01595        -1.17091       -11.09328
  512           7.4865        17.09232        -0.32845        -9.60578
  513           6.9095        16.92362        -0.05475       -10.01415
  514           5.8748        17.13821        -2.03789       -11.26345
  515           5.8879        17.06003        -1.75099       -11.17212
  516           4.9585        16.89278        -2.06521       -11.93428
  517           4.9428        16.58255        -1.72286       -11.63970
  518           7.3862        16.77839        -0.29969        -9.39220
  519           14.571        15.40289         4.02283        -0.83229
  520           11.056        15.90086         1.10242        -4.84456
  521            9.591        15.70796         0.64797        -6.11692
  522           4.9151        16.23545        -2.62169       -11.32034
  523           8.7013        16.27706         2.13731        -7.57580
  524           5.7834        16.69260        -2.59091       -10.90924
  525           4.3092        15.43928        -3.58551       -11.13005
  526           5.2047        14.33552        -0.58833        -9.13084
  527           5.3149        14.95403        -0.93765        -9.63910
  528           9.7142        14.59327         1.12433        -4.87906
  529           14.538        14.00282         4.25612         0.53488
  530           5.9746        15.42021        -0.07509        -9.44557
  531           2.2615        14.74859        -4.35145       -12.48705
  532          0.79461        13.48965        -1.88982       -12.69504
  533            2.627        13.61174        -0.78219       -10.98478
  534           1.5723        13.82742        -2.69470       -12.25513
  535           5.5635        13.58788         2.22825        -8.02442
  536           3.1784        15.24725        -5.69946       -12.06890
  537           17.973        14.93775         4.88250         3.03545
  538           11.742        14.94133         0.26780        -3.19883
  539           12.302        14.97499         1.21902        -2.67309
  540           12.527        14.55626         1.29915        -2.02956
  541           7.6975        14.19614        -2.13671        -6.49862
  542           9.0668        15.78302        -1.71940        -6.71619
  543           5.3028        15.59381        -4.47708       -10.29101
  544           10.482        15.64077        -2.90009        -5.15907
  545           14.649        14.89008         2.79926        -0.24108
  546           17.338        15.66007         4.01452         1.67763
  547           12.866        15.57870         1.13855        -2.71240
  548           14.486        15.88460         2.87795        -1.39850
  549           24.755        15.23184         1.04534         9.52346
  550            8.614        15.11298        -1.73857        -6.49900
  551           10.298        15.09529        -0.74769        -4.79719
  552           10.176        15.15623        -0.47800        -4.98063
  553           12.387        15.39431        -1.00263        -3.00761
  554           13.386        15.62198         0.57870        -2.23558
  555           10.324        15.33638        -1.20239        -5.01218
  556           4.2796        15.20084        -3.85136       -10.92120
  557           12.832        15.00576         2.49520        -2.17396
  558           5.5085        15.52142        -4.27070       -10.01289
  559            3.569        14.31527        -6.81617       -10.74625
  560           9.4161        14.95227         1.75450        -5.53615
  561           1.1773        15.57796        -4.17189       -14.40070
  562           8.3893        14.94609         0.71448        -6.55676
  563           4.4175        15.33076        -2.94427       -10.91327
  564           5.2486        15.21452        -1.03238        -9.96591
  565            7.221        14.69244        -5.17596        -7.47149
  566           13.662        14.91251         2.96683        -1.25041
  567           12.698        15.10499         1.10879        -2.40729
  568           14.658        14.97002         2.04330        -0.31222
  569           10.801        15.10178        -0.24818        -4.30088
  570           10.373        15.04409        -2.16545        -4.67149
  571           13.101        14.70365         4.06775        -1.60285
  572            17.74        14.92830         6.76462         2.81190
  573           2.2466        15.43663        -6.96367       -13.19005
  574           7.8228        10.99328         0.13661        -3.17049
  575           5.3525        11.57620        -2.02685        -6.22373
  576          0.89155        12.59349        -4.08934       -11.70194
  577            6.081        11.70218        -0.92534        -5.62114
  578           5.4165        11.59118        -0.86567        -6.17472
  579            5.963        11.01012        -1.32999        -5.04714
  580           6.9491        10.88455        -2.47966        -3.93541
  581           11.253        11.37962         3.26916        -0.12662
  582           13.348        10.50322         3.42397         2.84428
  583           12.775        10.74178         2.33514         2.03282
  584           5.1164        10.46272        -1.01491        -5.34630
  585           3.4386        10.25455        -2.36866        -6.81592
  586            6.182        10.68160        -2.55253        -4.49960
  587           10.809        10.23548         2.31268         0.57302
  588           7.6987        10.20781        -0.13199        -2.50911
  589           13.671        10.44208         3.51733         3.22922
  590           9.1383        10.56512         1.85657        -1.42678
  591           11.136        10.06384         3.47629         1.07256
  592           3.1146        10.85135        -1.84694        -7.73672
  593           2.7393        10.68181        -0.24613        -7.94247
  594           8.5563        10.64026         2.27005        -2.08398
  595           2.6996        10.56043        -2.43634        -7.86080
  596           2.5003        10.10276        -4.85037        -7.60246
  597           10.565        13.04816         2.96237        -2.48286
  598            14.38        13.42711         5.13289         0.95319
  599           5.4883        12.53925         1.83331        -7.05090
  600           1.5368        12.88483        -3.49384       -11.34808
  601           3.6243        12.65161        -2.10087        -9.02732
  602           4.4733        12.95748        -4.08436        -8.48421
  603           11.503        10.69794         3.66903         0.80516
  604           10.177        10.39468         1.26354        -0.21818
  605            5.019        10.29065        -0.41266        -5.27164
  606           3.1956        10.15217        -0.53482        -6.95653
  607           3.1189        10.33174        -0.45315        -7.21285
  608           2.5531        10.22568        -1.22111        -7.67254
  609           4.1642        10.32381        -1.94029        -6.15960
  610           2.9415        10.23827        -5.81791        -7.29672
  611           3.9417        13.62244        -2.67170        -9.68078
  612           3.7184        13.95389        -1.75934       -10.23546
  613           5.9654        13.90654        -4.51269        -7.94110
  614           10.441        13.60889         0.79199        -3.16769
  615           8.5236        13.73607        -7.87019        -5.21246
  616           29.503        14.12611        13.35450        15.37649
  617           12.486        11.45555        -0.60007         1.03075
  618           2.0605        12.07768        -5.58281       -10.01720
  619           17.252        11.63233         4.37648         5.61957
  620           5.2193        11.54957        -2.47882        -6.33026
  621           11.076        11.60957         1.40113        -0.53317
  622           10.636        12.16381        -0.68851        -1.52731
  623           12.775        10.98404         1.47767         1.79116
  624           10.852        11.35721         3.63535        -0.50471
  625           5.6394        11.38291        -1.82899        -5.74351
  626           5.7749        11.93034        -1.21901        -6.15544
  627           8.8108        11.36207         1.27615        -2.55130
  628           14.165        11.14993         5.95279         3.01537
  629           7.6979        11.82925         0.86533        -4.13135
  630           1.6723        11.13407        -3.91012        -9.46180
  631           10.833        11.62985         3.49680        -0.79675
  632           10.451        11.02909         1.75315        -0.57789
  633           3.8223        11.00736        -2.27501        -7.18506
  634           3.2651        10.58523        -0.41687        -7.32015
  635            2.568        11.05411        -1.33281        -8.48608
  636           3.2221        10.65231        -1.06404        -7.43019
  637           3.5944        10.34124         0.06573        -6.74683
  638           7.5621        10.92937         0.38922        -3.36726
  639            3.417        11.17267        -1.92587        -7.75564
  640           10.812        13.51912         2.34408        -2.70742
  641           13.183        12.91160         3.12870         0.27150
  642           11.374        13.21068         1.42912        -1.83668
  643           7.2221        14.26911        -0.38922        -7.04705
  644           12.676        13.34115         3.18862        -0.66555
  645             9.41        14.09633        -0.25112        -4.68636
  646           4.5279        13.16285        -0.79245        -8.63495
  647           9.1972        12.54387         3.04254        -3.34670
  648            4.716        13.61389         0.80560        -8.89785
  649           4.8904        13.49105         0.12041        -8.60069
  650           4.5058        13.04565        -1.07087        -8.53983
  651           5.8686        12.80127        -1.21905        -6.93271
  652           1.2993        13.69586        -3.17629       -12.39658
  653           4.5183        13.22796        -2.04487        -8.70968
  654           25.695        14.52180         9.94610        11.17280
  655           14.629        14.45520         1.18687         0.17370
  656           6.6337        14.18541        -7.14327        -7.55176
  657           5.1061        14.48305        -3.16770        -9.37695
  658           2.8888        15.59348        -6.40606       -12.70470
  659           6.6151        14.87179        -4.53367        -8.25664
  660           11.564        14.98467         3.20158        -3.42027
  661           5.1731        14.96820        -7.62787        -9.79509
  662           11.922        15.31836         1.40379        -3.39676
  663           4.9862        13.27795        -3.42761        -8.29177
  664           5.9321        13.89461        -0.20096        -7.96247
  665           4.7096        13.76928        -1.49502        -9.05966
  666           4.8637        13.33332        -2.48876        -8.46958
  667           7.3452        13.66934         0.90926        -6.32411
  668           9.4361        12.98950         0.31335        -3.55342
  669           5.9263        13.43964        -1.41892        -7.51338
  670           3.2311        10.14449        -2.30559        -6.91338
  671           6.6619         9.82419         0.44521        -3.16234
  672           10.933        10.09183         3.54042         0.84077
  673           4.7592        12.07101        -1.87738        -7.31179
  674           10.358        10.98938         1.03237        -0.63178
  675           11.479        11.56685         3.54458        -0.08795
  676           7.7764        12.01542         0.11332        -4.23903
  677            10.07        11.24768         1.41599        -1.17798
  678           6.8104        11.91513        -1.97243        -5.10471
  679           8.0251        12.57539        -1.18922        -4.55032
  680            6.232        12.60446        -6.04640        -6.37246
  681           7.2691         9.92646         0.25604        -2.65733
  682           5.0454        10.39423        -0.99049        -5.34878
  683           3.2343        11.16857        -2.68303        -7.93424
  684            3.649        10.16905        -3.17667        -6.52002
  685           2.3017        10.39143        -2.05660        -8.08976
  686           7.1302        10.13542         0.05493        -3.00520
  687           9.5274         9.95443         1.02089        -0.42702
  688           7.7392        12.73806        -1.51384        -4.99884
  689           10.843        13.07620         0.46754        -2.23310
  690           9.0598        12.84254        -0.21413        -3.78275
  691            12.82        13.18140         2.68770        -0.36090
  692           5.4316        12.46359        -0.37264        -7.03198
  693           7.4961        12.55576        -0.90041        -5.05962
  694           4.9297        12.34627        -2.72282        -7.41658
  695           10.761        12.90853         1.97717        -2.14713
  696           21.473        12.35339         4.06799         9.11961
  697           19.546        12.74397         2.45518         6.80173
  698           31.033        13.59482        10.51759        17.43818
  699           6.9153        12.48546        -3.52864        -5.57021
  700           10.184        13.43811        -2.61834        -3.25431
  701           4.3111        11.26385        -5.87023        -6.95278
  702           8.0269        11.93291        -3.67839        -3.90605
  703           18.528        12.56497         2.94545         5.96333
  704          0.79217        12.36357        -5.09404       -11.57140
  705           4.3121        13.44743        -3.02338        -9.13531
  706           3.6226        12.60862        -0.86783        -8.98605
  707           4.3191        10.28183        -4.26156        -5.96271
  708            4.093        11.18434        -2.38856        -7.09129
  709           9.2572        11.13473        -1.25231        -1.87754
  710           9.2659        15.16985         0.05614        -5.90398
  711           9.0732        14.24462        -2.31037        -5.17142
  712           20.396        13.16208         4.29369         7.23442
  713           3.9376        12.52842        -0.90975        -8.59085
  714           10.717        13.30903         0.42608        -2.59173
  715            3.825        12.50473        -1.48027        -8.67977
  716           85.889        14.56018        35.90214        71.32912
  717           19.905        17.98181        -1.21839         1.92369
  718           28.999        17.28312         3.83164        11.71598
  719           22.053        17.76611         0.53255         4.28719
  720           25.559        16.68007         3.16954         8.87903
  721           27.384        16.83622        -0.33782        10.54798
  722            20.73        16.47633        -0.39311         4.25407
  723           19.171        16.61722         1.74829         2.55368
  724           17.396        16.95241        -2.22147         0.44319
  725           30.451        16.14528         4.69351        14.30582
  726           30.379        16.97073         1.60346        13.40847
  727           24.948        16.53032         1.04213         8.41738
  728           17.667        17.17314         0.42857         0.49426
  729           18.307        17.08428        -0.76455         1.22302
  730           17.669        16.80864         0.15451         0.86066
  731           11.001        16.98004        -7.14933        -5.97864
  732           20.687        17.29108         0.76050         3.39602
  733           25.675        16.79611         3.32203         8.87909
  734            13.08        16.96498        -3.20580        -3.88488
  735           12.344        16.51609        -7.62796        -4.17169
  736            14.52        16.73159        -2.51356        -2.21209
  737           12.546        17.21750        -2.69515        -4.67110
  738           11.286        17.23286        -4.36166        -5.94736
  739           7.1474        16.26909        -4.46359        -9.12173
  740           19.051        16.08851         2.09970         2.96219
  741           22.484        17.81740         0.37233         4.66700
  742           27.089        17.39886         4.83872         9.68984
  743           17.015        17.41781        -0.49700        -0.40261
  744           7.2114        16.90169        -4.06523        -9.69025
  745           19.827        17.06185        -0.00537         2.76485
  746           11.982        16.74363        -2.26813        -4.76133
  747           15.399        17.45585        -0.93701        -2.05735
  748           11.178        17.85633        -1.45694        -6.67793
  749           14.646        17.63961         0.95061        -2.99371
  750           10.511        16.95483        -5.03156        -6.44333
  751           15.399        17.99121        -1.06498        -2.59211
  752           19.671        16.38216         4.72890         3.28884
  753           11.224        17.03453        -6.52699        -5.81023
  754           8.7361        16.67212        -6.71099        -7.93605
  755           12.173        16.73412        -3.94110        -4.56092
  756           24.542        17.39142         7.77102         7.15098
  757           7.9103        15.38063        -6.24653        -7.47029
  758           59.165        15.62621        27.33052        43.53909
  759            25.25        15.56065        -3.70339         9.68965
  760           40.515        16.03558        11.77603        24.47942
  761           23.017        16.17597         4.99770         6.84103
  762           23.705        15.90365         4.04003         7.80175
  763            22.14        16.28010         1.32611         5.85940
  764           19.485        16.14072        -3.74774         3.34408
  765           6.7222        15.41847        -5.19526        -8.69630
  766            18.25        15.86893        -1.45391         2.38117
  767           29.893        16.16682         7.86027        13.72658
  768           33.554        16.55291         4.09031        17.00149
  769           32.206        16.68443         1.82775        15.52127
  770           26.553        16.28089        -0.29744        10.27171
  771            19.28        15.82147         0.75764         3.45853
  772           21.444        16.38703         0.65416         5.05737
  773           34.526        16.26271         5.61110        18.26289
  774           21.085        16.47668        -0.86527         4.60822
  775           28.123        16.35026        -1.54678        11.77274
  776           38.958        16.66990         4.94678        22.28780
  777           25.675        16.23809         0.25052         9.43651
  778           35.635        16.10969         3.92745        19.52521
  779           40.541        16.61623         5.56548        23.92427
  780           32.352        16.33445         0.76639        16.01705
  781           38.785        16.21355         4.75103        22.57115
  782           6.9833        16.30556        -2.96541        -9.32229
  783           5.9221        16.83293        -3.80392       -10.91081
  784           8.3093        16.11840        -5.51737        -7.80909
  785           20.792        15.76528         2.94413         5.02712
  786           10.404        15.86448        -5.20696        -5.46068
  787           17.148        15.65666         0.34744         1.49134
  788           29.335        15.71927         6.96752        13.61613
  789           27.552        15.66489        11.72486        11.88701
  790           29.303        16.01681         9.16091        13.28599
  791           32.042        15.52075         8.04699        16.52095
  792           6.2847        16.19222        -3.57366        -9.90757
  793           7.2508        15.92090        -6.75913        -8.67008
  794           25.726        16.33140         8.67998         9.39460
  795           21.991        16.63799         2.28789         5.35301
  796             18.5        16.19759        -1.99074         2.30251
  797           17.754        16.45113         2.96240         1.30247
  798           16.991        16.72528         1.31149         0.26562
  799           8.6288        16.54128        -7.11310        -7.91248
  800           8.7005        16.61529        -5.43150        -7.91477
  801           10.259        16.36571        -2.94461        -6.10621
  802           13.895        16.93222         1.47670        -3.03722
  803           8.3766        16.52860        -4.55133        -8.15197
  804           23.524        15.78871         5.06058         7.73539
  805           20.174        15.09065        -0.88708         5.08285
  806            18.48        14.43307        -3.94553         4.04713
  807           31.996        16.08561         3.80956        15.91019
  808           21.783        15.90969         3.27732         5.87371
  809           28.593        15.70580         5.47138        12.88720
  810           16.973        15.87896        -6.30168         1.09414
  811           19.864        16.20826        -6.84941         3.65544
  812           23.074        16.03259         1.44676         7.04181
  813           22.372        15.94634        -2.22864         6.42516
  814           21.328        16.27384         1.81923         5.05446
  815           24.213        16.11381        -2.92744         8.09949
  816           31.724        15.95870         6.38849        15.76570
  817           23.271        15.83410         1.60447         7.43720
  818           14.965        16.31766        -0.41396        -1.35286
  819           10.452        16.52086        -1.68800        -6.06916
  820           12.758        16.34504        -4.16065        -3.58694
  821           17.323        16.04049        -3.91323         1.28251
  822           18.544        16.09149        -2.52964         2.45211
  823           18.341        16.32672        -2.37123         2.01398
  824           25.172        15.91855         4.98615         9.25305
  825           22.671        15.98852        -1.34734         6.68268
  826           24.271        16.10411         3.75433         8.16739
  827            19.89        15.94600        -2.14127         3.94450
  828           22.424        16.02652        -1.25259         6.39708
  829           14.101        13.26188        -2.98080         0.83902
  830           11.657        13.25528        -8.20273        -1.59808
  831           22.528        13.43639       -24.50345         9.09151
  832           28.048        14.20378        -2.65452        13.84382
  833           19.119        15.16551        -7.31033         3.95359
  834           18.807        13.99740        -0.59596         4.80920
  835           18.196        13.96688        -1.17546         4.22872
  836           27.741        16.10888         2.01174        11.63262
  837           26.027        16.01674         1.89467        10.01066
  838           27.034        15.10677         3.92628        11.92703
  839           32.697        15.49244         7.93602        17.20496
  840           21.228        15.41515        -2.88302         5.81295
  841           26.515        15.77403        -0.65986        10.74147
  842           24.822        15.92405         1.85786         8.89765
  843           46.855        15.80821        -0.95069        31.04719
  844           76.633        14.78562         9.53042        61.84738
  845           17.999        15.95269       -15.56413         2.04611
  846           38.811        15.93878        -2.16547        22.87262
  847           91.222        15.40830        35.48757        75.81320
  848           25.885        16.69590         3.22126         9.18920
  849           15.061        16.50114        -8.21134        -1.44024
  850           23.714        16.10626        -0.12406         7.60754
  851           15.032        16.21694        -4.98284        -1.18524
  852           26.864        16.36653        -1.24808        10.49757
  853           40.085        16.22517         1.67298        23.85953
  854           26.387        15.86664       -10.10312        10.52086
  855           17.297        16.71742        -3.55251         0.57928
  856           27.424        15.18810        -2.26360        12.23560
  857             31.5        15.61921         0.38404        15.88099
  858           35.309        16.01416         6.12603        19.29474
  859           31.395        15.93638         4.92778        15.45912
  860           22.296        16.21076        -2.99387         6.08534
  861           41.327        15.16181         5.72576        26.16529
  862           29.318        15.80352         1.23873        13.51468
  863           111.48        14.15288        58.96084        97.32612
  864           9.9809        15.84622        -5.90643        -5.86530
  865           12.334        15.84322        -4.48709        -3.50922
  866           33.561        14.91181        -1.06872        18.64959
  867           45.658        14.60308        -0.75411        31.05482
  868           19.242        15.00246        -2.84644         4.23944
  869           24.018        15.35412         2.85623         8.66378
  870            16.36        15.70866        -1.21993         0.65134
  871           5.9742        15.56514       -11.51190        -9.59091
  872           15.928        15.72056        -1.23821         0.20724
  873            35.37        16.34787         5.62912        19.02193
  874           13.681        15.92727        -4.39709        -2.24667
  875           9.4549        15.85172        -3.47348        -6.39685
  876            15.06        16.25588        -6.68053        -1.19608
  877           17.256        16.77334        -3.15937         0.48276
  878            33.74        16.53877         6.90889        17.20133
  879            24.15        16.65222         3.73294         7.49808
  880           37.729        16.31736         3.81393        21.41154
  881            21.86        16.70554         0.30950         5.15486
  882           68.908        15.31879        15.35731        53.58881
  883           21.779        16.68301         3.32209         5.09579
  884           22.294        16.97062         0.38236         5.32388
  885           34.168        16.26216        10.29626        17.90554
  886           38.121        16.19566        10.10721        21.92544
  887           13.307        15.85747        -9.37118        -2.55077
  888           45.367        14.89872        10.98118        30.46818
  889           13.178        15.74016        -0.26804        -2.56266
  890           26.027        14.77222         0.13148        11.25528
  891           20.177        15.74911         3.17672         4.42819
  892           22.222        15.73286         1.80987         6.48944
  893           16.469        15.76972        -1.97822         0.69938
  894           20.035        15.99414        -0.12014         4.04136
  895           9.2452        15.55904        -6.44453        -6.31383
  896           9.1491        15.29910        -2.61447        -6.14999
  897           13.532        15.12283        -0.63631        -1.59083
  898           15.385        15.49610         1.15704        -0.11100
  899           19.057        16.36213         0.79627         2.69467
  900            12.12        15.24729        -1.93122        -3.12759
  901           8.9187        15.44731        -2.31896        -6.52858
  902            16.42        16.79096        -3.03624        -0.37096
  903           14.834        17.10997        -6.62744        -2.27647
  904           24.584        16.48302         1.64290         8.10098
  905           30.799        16.80033         4.57212        13.99837
  906           22.086        15.80361         0.42758         6.28239
  907           13.447        16.13735        -4.37930        -2.69005
  908           13.246        16.40296        -5.55985        -3.15676
  909           36.857        17.47423         8.45551        19.38247
  910           31.584        17.39752         3.08696        14.18608
  911           23.887        15.93632         3.51017         7.95068
  912           26.956        16.19409        -0.54545        10.76171
  913             37.2        16.14400        -6.18269        21.05640
  914           17.397        16.78532        -2.93689         0.61208
  915           12.907        15.95190        -5.08501        -3.04480
  916           24.393        16.55990         2.60712         7.83350
  917           22.559        16.35141        -5.24088         6.20729
  918           14.405        15.99105        -1.22057        -1.58565
  919           20.246        16.14607         0.48905         4.10033
  920           8.1337        15.88118        -2.31358        -7.74751
  921           8.9006        16.04400        -3.69046        -7.14343
  922           6.0565        15.62801        -5.86087        -9.57150
  923           6.7497        16.23029        -6.44122        -9.48060
  924           19.545        15.67530         3.97400         3.87000
  925           8.5179        15.58844        -2.86944        -7.07057
  926           13.701        16.54745        -2.99213        -2.84625
  927           22.721        15.99996         4.27144         6.72094
  928           21.249        16.06729         2.82969         5.18211
  929           12.813        17.42047        -2.15185        -4.60707
  930           10.548        16.56212        -4.53273        -6.01432
  931           27.391        17.78061         4.52538         9.61029
  932           22.427        15.91298         5.48581         6.51392
  933           15.559        15.95901        -0.04821        -0.39981
  934           19.994        15.27333         1.33575         4.72077
  935           19.419        15.86364         1.98157         3.55576
  936            26.11        15.75864         5.35171        10.35146
  937           22.001        16.13045         2.81318         5.87015
  938           15.773        16.38689        -1.63241        -0.61369
  939           17.163        16.12758         1.08526         1.03512
  940           19.463        15.99123         2.52022         3.47147
  941           14.418        17.81431         3.35292        -3.39681
  942           28.729        17.51536         4.31242        11.21394
  943           22.521        16.45087         4.99116         6.07063
  944           24.752        15.79476         3.55206         8.95714
  945           11.813        17.29791        -5.07428        -5.48451
  946           19.242        17.49248        -7.13318         1.74922
  947           38.111        16.03322         6.10996        22.07818
  948           69.057        15.52704        19.03381        53.52956
  949           30.694        16.01179         5.06976        14.68221
  950            26.29        15.67787         4.98219        10.61233
  951           11.417        15.89233        -2.10717        -4.47573
  952           23.805        14.21352        -7.26900         9.59198
  953            39.48        14.25018         9.42053        25.23012
  954           41.185        15.26035        -2.23564        25.92485
  955            27.82        16.18962        -1.59239        11.62988
  956           27.281        16.62694        -0.35945        10.65406
  957           18.194        15.03133         3.94923         3.16277
  958           21.428        16.30621         1.83040         5.12219
  959           16.149        15.82948         2.92070         0.31932
  960           13.452        16.16080        -2.27704        -2.70880
  961           17.254        15.93025         3.98296         1.32405
  962           25.179         1.03002        24.14908        24.14908
  963           29.919        16.57777         1.46265        13.34133
  964           21.179        17.46002         5.36030         3.71938
  965           30.738        16.44851         5.89245        14.28969
  966           36.001        15.98894         6.26053        20.01226
  967           22.456        15.40796         4.78009         7.04784
  968           33.302        16.03135         8.72317        17.27095
  969           38.364        15.93191        14.64429        22.43219
  970           32.286        16.56609        15.09639        15.71991
  971           9.0081        16.41089         0.05082        -7.40277
  972           7.2678        16.79927        -0.96741        -9.53145
  973           8.7118        16.25800        -9.69231        -7.54620
  974           8.1374        17.54766        -4.95630        -9.41024
  975           7.7356        17.48905        -2.47986        -9.75344
  976           23.446        17.08302        10.05488         6.36298
  977           13.439        17.19337        -3.87931        -3.75417
  978           7.9124        17.13494        -1.77402        -9.22255
  979           2.5016        17.44887        -3.75734       -14.94728
  980           4.7695        17.70763        -2.00205       -12.93812
  981           3.3473        16.41698        -3.23730       -13.06964
  982           6.3918        16.16800        -0.65822        -9.77625
  983            13.03        15.91240        -3.65423        -2.88250
  984           19.628        15.81343         3.07672         3.81427
  985           13.603        15.54039        -2.39087        -1.93749
  986           20.188        15.64307         4.19072         4.54513
  987           15.425        15.35170         1.86915         0.07360
  988           13.925        15.50130        -0.91017        -1.57590
  989           9.8231        15.33544        -0.36229        -5.51233
  990           6.4052        15.19327        -3.33804        -8.78810
  991           16.096        16.93765         1.32087        -0.84205
  992           11.626        17.09843        -2.89296        -5.47233
  993           20.878        17.26095         5.91218         3.61745
  994           16.361        16.99983         3.21168        -0.63843
  995           11.003        17.38762        -2.82319        -6.38442
  996           12.949        17.35781         0.28309        -4.40901
  997           9.8226        17.07235         0.16302        -7.24973
  998           4.5448        16.27482        -2.47390       -11.73001
  999           8.2217        16.72905        -0.33304        -8.50734
 1000           23.283        15.25531         6.11845         8.02739
 1001           25.643        15.44268         8.84450        10.20072
 1002           16.059        15.52188        -4.10873         0.53732
 1003           17.857        15.77670         3.93710         2.07990
 1004           14.613        15.47846        -2.30617        -0.86516
 1005           18.346        15.60144         0.67483         2.74416
 1006           18.649        15.59215         3.91500         3.05655
 1007              8.4        15.36332        -3.70714        -6.96333
 1008           19.065        15.15022         3.48000         3.91488
 1009           21.708        15.00098         5.32715         6.70692
 1010           14.754        15.28337        -0.54161        -0.52937
 1011           3.3945        16.60823        -4.22119       -13.21373
 1012           4.9005        16.25618        -1.97111       -11.35565
 1013           7.3667        15.60721         0.30002        -8.24046
 1014           6.4913        16.10991        -0.09153        -9.61857
 1015           2.6987        15.86035        -4.56486       -13.16170
 1016           8.2508        16.44205         2.45645        -8.19127
 1017           2.8796        16.10694        -3.05100       -13.22737
 1018             8.43        16.10010        -0.03223        -7.67011
 1019           5.3949        15.14072        -7.36714        -9.74577
 1020           14.358        15.30645         0.41398        -0.94835
 1021           16.199        15.43031         1.35893         0.76879
 1022           18.717        15.61189         2.35779         3.10521
 1023            14.82        15.44196         0.76207        -0.62146
 1024           18.692        15.40126         4.52389         3.29114
 1025           8.0201        15.50396        -3.30287        -7.48384
 1026           13.094        15.32158         1.02482        -2.22718
 1027           9.4828        15.45991        -2.11738        -5.97709
 1028           13.649        15.88921        -1.55184        -2.23971
 1029           15.701        16.27742        -2.67234        -0.57632
 1030            16.58        16.37016         0.30148         0.21004
 1031           18.817        16.20001         1.50735         2.61749
 1032           12.212        15.41543        -0.45453        -3.20343
 1033           10.983        15.52363        -3.17606        -4.54093
 1034           15.902        15.74376         1.44944         0.15774
 1035           13.421        15.77494        -3.14213        -2.35344
 1036            17.25        16.08710        -0.18667         1.16330
 1037           12.192        16.41487        -2.20744        -4.22247
 1038           18.454        16.31858         2.09835         2.13592
 1039           8.1343        15.73626        -2.98298        -7.60191
 1040           10.732        16.65610         1.68777        -5.92360
 1041           17.251        15.63346         3.08861         1.61774
 1042           17.653        15.92356         1.53714         1.72934
 1043           20.183        16.17587         2.55521         4.00743
 1044           12.971        15.75358        -0.82348        -2.78228
 1045           11.075        15.44848        -4.50541        -4.37388
 1046           9.4127        16.00112        -0.04430        -6.58842
 1047           3.9878        16.30541        -4.47405       -12.31758
 1048           9.7065        16.18737         0.48989        -6.48086
 1049           10.748        15.06277        -4.11252        -4.31467
 1050           15.825        15.26380         2.08061         0.56100
 1051           10.143        15.26616        -4.04296        -5.12296
 1052           21.649        15.26908         3.22186         6.37962
 1053           20.139        15.98274         1.31187         4.15586
 1054           17.371        15.53819         2.45560         1.83301
 1055           8.0859        16.56424        -2.73404        -8.47836
 1056           5.0037        17.13480        -9.23327       -12.13106
 1057           8.2951        16.86223        -0.44308        -8.56715
 1058           5.1156        16.65901        -2.32223       -11.54340
 1059           7.3782        17.05410        -1.78593        -9.67588
 1060            3.915        16.28009        -1.94159       -12.36505
 1061           3.5114        15.68205        -2.54721       -12.17060
 1062           6.7778        15.84400         1.67405        -9.06620
 1063           7.3459        15.73535         1.13741        -8.38949
 1064           2.3227        14.46822        -4.11308       -12.14549
 1065           8.3613        14.73824         1.07177        -6.37689
 1066           1.9974        14.92952        -2.59946       -12.93216
 1067           5.7209        16.95035        -1.31914       -11.22942
 1068           8.4875        16.83709         0.62383        -8.34964
 1069            7.087        17.22285         0.19339       -10.13581
 1070           6.0918        17.00184        -1.85637       -10.91007
 1071           5.8428        17.56540        -1.07969       -11.72256
 1072           6.3144        17.15624        -0.42841       -10.84186
 1073           7.7862        17.16359         1.04631        -9.37739
 1074           1.6277        17.40583        -4.71048       -15.77812
 1075           9.9809        17.12315         2.15266        -7.14228
 1076           7.2587        17.22773        -2.03726        -9.96904
 1077           5.4347        17.36861        -2.96798       -11.93393
 1078           7.3638        15.80993         0.52218        -8.44612
 1079           4.4875        16.50361        -2.08157       -12.01611
 1080           4.1149        16.43648        -1.86956       -12.32161
 1081           13.916        17.56283         3.56932        -3.64693
 1082           13.558        17.43662         3.81958        -3.87852
 1083           11.325        17.57022         1.40712        -6.24562
 1084           7.1013        17.31873        -0.68405       -10.21743
 1085             4.09        17.03420        -3.08406       -12.94415
 1086           3.1465        16.85505        -1.21327       -13.70854
 1087           3.1872        16.88396        -1.65504       -13.69676
 1088           4.6984        17.75966        -0.06457       -13.06122
 1089           3.0891        17.35527        -1.44119       -14.26616
 1090           3.8844        17.28447        -1.59598       -13.40008
 1091           3.5199        17.61516        -2.82254       -14.09523
 1092           3.0483        16.96512        -3.02569       -13.91680
 1093           8.2481        16.44860         3.04867        -8.20051
 1094           8.9166        17.50717        -0.72390        -8.59057
 1095            4.767        17.13462        -3.86839       -12.36763
 1096           2.6761        15.70917        -3.94694       -13.03310
 1097           9.5896        16.29326         2.64206        -6.70366
 1098           6.7433        14.65675        -2.10725        -7.91346
 1099           12.757        14.24849         7.44425        -1.49159
 1100            8.716        14.90316         1.95178        -6.18713
 1101           2.3801        15.30804        -1.96699       -12.92793
 1102           2.7162        13.93703        -0.40044       -11.22080
 1103           3.5135        13.99543        -1.75002       -10.48196
 1104           3.2305        13.95330        -1.36190       -10.72277
 1105           3.8765        16.85363        -1.30923       -12.97715
 1106           2.7515        16.78689        -1.70864       -14.03544
 1107            2.881        16.15191        -2.76342       -13.27088
============================== END OF REPORT ================================

