>>03/12/2019 15:06:13
REGRESSION
----------
SUMMARY OF OUTPUT: SPATIAL LAG MODEL - MAXIMUM LIKELIHOOD ESTIMATION
Data set            : FinalShapeFile
Spatial Weight      : FinalShapeFile weights_LSOA11CD as ID 
Dependent Variable  :  LSOA2011 A  Number of Observations: 1107
Mean dependent var  :     13.0277  Number of Variables   :    3
S.D. dependent var  :     10.1781  Degrees of Freedom    : 1104
Lag coeff.   (Rho)  :   -0.250625

R-squared           :    0.103431  Log likelihood        :     -4078.9
Sq. Correlation     : -            Akaike info criterion :      8163.8
Sigma-square        :     92.8782  Schwarz criterion     :     8178.82
S.E of regression   :     9.63733

-----------------------------------------------------------------------------
       Variable       Coefficient     Std.Error       z-value    Probability
-----------------------------------------------------------------------------
      W_LSOA2011 A     -0.250625       0.372425      -0.672955     0.50098
          CONSTANT       20.2416       0.701639         28.849     0.00000
        lsoaages_6     -0.045692     0.00404884       -11.2852     0.00000
-----------------------------------------------------------------------------

REGRESSION DIAGNOSTICS
DIAGNOSTICS FOR HETEROSKEDASTICITY 
RANDOM COEFFICIENTS
TEST                                     DF      VALUE        PROB
Breusch-Pagan test                       1        82.4126     0.00000

DIAGNOSTICS FOR SPATIAL DEPENDENCE
SPATIAL LAG DEPENDENCE FOR WEIGHT MATRIX : FinalShapeFile weights_LSOA11CD as ID 
TEST                                     DF      VALUE        PROB
Likelihood Ratio Test                    1         0.1527     0.69595

  OBS      LSOA2011 A        PREDICTED        RESIDUAL       PRED ERROR
    1           4.6755         6.80815        -2.13267        -2.13267
    2           2.6159         7.03661        -4.42073        -4.42073
    3           2.8147         9.54967        -6.73495        -6.73495
    4           4.4925         6.76246        -2.26993        -2.26993
    5           4.9463         9.00137        -4.05510        -4.05510
    6           4.8039        10.05228        -5.24834        -5.24834
    7           3.3573         7.67630        -4.31905        -4.31905
    8           6.7797        10.09797        -3.31822        -3.31822
    9           14.242        12.61103         1.63067         1.63067
   10           6.4747         8.68152        -2.20684        -2.20684
   11           3.8218         3.97524        -0.15349        -0.15349
   12           9.6078        15.26117        -5.65334        -5.65334
   13           5.6252         4.88909         0.73611         0.73611
   14           3.6551         8.72721        -5.07209        -5.07209
   15           4.6898        10.05228        -5.36247        -5.36247
   16           8.0451        16.95177        -8.90664        -8.90664
   17           6.2742        14.62148        -8.34724        -8.34724
   18           6.9993        15.85517        -8.85591        -8.85591
   19          0.86423         8.45306        -7.58883        -7.58883
   20           4.5198         9.59536        -5.07555        -5.07555
   21           4.5078         9.27552        -4.76775        -4.76775
   22           3.4931         8.36168        -4.86860        -4.86860
   23           5.5796        10.09797        -4.51837        -4.51837
   24           7.3884        12.56534        -5.17689        -5.17689
   25           4.5241        12.47396        -7.94983        -7.94983
   26             7.74        13.93610        -6.19608        -6.19608
   27           12.947        12.38257         0.56413         0.56413
   28           8.0691        14.21025        -6.14111        -6.14111
   29           4.4812        12.74811        -8.26693        -8.26693
   30           11.731        13.25072        -1.51962        -1.51962
   31           4.1925        11.05751        -6.86502        -6.86502
   32           12.002        10.92043         1.08167         1.08167
   33           13.127        13.25072        -0.12392        -0.12392
   34           4.5724        11.78858        -7.21619        -7.21619
   35           13.636        12.33688         1.29922         1.29922
   36           18.281         7.53922        10.74158        10.74158
   37           5.4967         8.40737        -2.91065        -2.91065
   38           6.4013        10.92043        -4.51908        -4.51908
   39            7.163         5.43739         1.72558         1.72558
   40           13.519        12.29119         1.22751         1.22751
   41           14.277         7.44784         6.82886         6.82886
   42           10.941         9.22983         1.71137         1.71137
   43           9.0905         5.71154         3.37891         3.37891
   44           15.322        13.70764         1.61386         1.61386
   45           18.137        13.38780         4.74970         4.74970
   46            15.47        10.64628         4.82342         4.82342
   47           15.114        13.38780         1.72590         1.72590
   48           13.662        11.60581         2.05659         2.05659
   49           11.277        13.06795        -1.79085        -1.79085
   50           8.9393         9.82382        -0.88454        -0.88454
   51           4.1254         6.48831        -2.36295        -2.36295
   52           9.2043         9.22983        -0.02552        -0.02552
   53           7.2449         6.67107         0.57384         0.57384
   54           5.5574         7.85907        -2.30168        -2.30168
   55           11.049        10.23505         0.81355         0.81355
   56           7.9219         5.71154         2.21033         2.21033
   57           5.5598         6.99092        -1.43112        -1.43112
   58           6.5614         8.04183        -1.48044        -1.48044
   59           16.453        11.24027         5.21313         5.21313
   60           5.1773         8.36168        -3.18434        -3.18434
   61           3.9343        11.51443        -7.58011        -7.58011
   62           10.772         9.22983         1.54247         1.54247
   63           9.3492         6.76246         2.58676         2.58676
   64           20.672         6.39692        14.27538        14.27538
   65           3.3297         7.99614        -4.66644        -4.66644
   66           5.2686         5.25462         0.01402         0.01402
   67           9.0831         6.16846         2.91468         2.91468
   68           6.9311         5.11755         1.81358         1.81358
   69            9.836         8.63583         1.20013         1.20013
   70            9.254         3.33556         5.91847         5.91847
   71           6.4086         8.86429        -2.45573        -2.45573
   72           10.172         9.86951         0.30249         0.30249
   73           7.6276        12.15411        -4.52651        -4.52651
   74           16.779        11.51443         5.26467         5.26467
   75           9.0111        12.88519        -3.87407        -3.87407
   76           6.6471         9.82382        -3.17668        -3.17668
   77            6.107         9.96090        -3.85394        -3.85394
   78           28.017        13.11365        14.90285        14.90285
   79           23.638        15.16979         8.46801         8.46801
   80           17.764        14.89563         2.86797         2.86797
   81           9.8165        15.35255        -5.53603        -5.53603
   82           11.093        12.42827        -1.33557        -1.33557
   83           6.7759        15.71809        -8.94223        -8.94223
   84           9.8204        13.43349        -3.61310        -3.61310
   85           8.0195        12.70242        -4.68297        -4.68297
   86           15.619        10.92043         4.69827         4.69827
   87           21.108        15.30686         5.80114         5.80114
   88           22.003        11.56012        10.44288        10.44288
   89           7.9046         9.04706        -1.14244        -1.14244
   90            20.03        14.62148         5.40862         5.40862
   91           4.0874         9.13844        -5.05103        -5.05103
   92           10.104        13.43349        -3.32959        -3.32959
   93           5.0229         9.04706        -4.02416        -4.02416
   94           3.8394        10.96612        -7.12671        -7.12671
   95           2.2541        13.57057       -11.31650       -11.31650
   96           6.7017        10.05228        -3.35060        -3.35060
   97            4.891         9.64105        -4.75006        -4.75006
   98           7.2737         8.27029        -0.99663        -0.99663
   99           3.3386        13.15934        -9.82073        -9.82073
  100           2.7147        11.51443        -8.79971        -8.79971
  101           5.7759        14.34733        -8.57147        -8.57147
  102           3.8279         8.95567        -5.12778        -5.12778
  103           8.3261         9.41259        -1.08652        -1.08652
  104           6.8844         7.90476        -1.02040        -1.02040
  105           7.5943         8.90998        -1.31570        -1.31570
  106           4.2541        11.01181        -6.75774        -6.75774
  107           6.3456         9.13844        -2.79280        -2.79280
  108           14.755        14.75856        -0.00386        -0.00386
  109           18.691        10.00659         8.68421         8.68421
  110           17.133        15.58101         1.55159         1.55159
  111           13.397        14.57579        -1.17909        -1.17909
  112           9.6074        10.64628        -1.03888        -1.03888
  113           15.071         9.00137         6.06973         6.06973
  114           4.4953        12.51965        -8.02431        -8.02431
  115           4.8521        12.79380        -7.94171        -7.94171
  116           6.7984        14.43871        -7.64028        -7.64028
  117           18.995        10.82905         8.16625         8.16625
  118           8.6915        10.50920        -1.81774        -1.81774
  119           13.277        14.39302        -1.11572        -1.11572
  120           9.7613        15.44394        -5.68267        -5.68267
  121           8.8036        14.80425        -6.00063        -6.00063
  122           4.0287         8.95567        -4.92697        -4.92697
  123            4.961        14.11887        -9.15788        -9.15788
  124           3.2017         7.58491        -4.38325        -4.38325
  125           5.2192        15.30686       -10.08761       -10.08761
  126           5.1195        10.55489        -5.43538        -5.43538
  127           6.5007        13.66195        -7.16126        -7.16126
  128           4.6133        11.83427        -7.22096        -7.22096
  129           4.7607        10.78335        -6.02263        -6.02263
  130           4.7133        13.15934        -8.44604        -8.44604
  131           9.8141        15.30686        -5.49272        -5.49272
  132           8.8119        11.78858        -2.97669        -2.97669
  133           9.1105        13.29641        -4.18589        -4.18589
  134           5.7426        16.90608       -11.16347       -11.16347
  135           9.3519        16.12932        -6.77741        -6.77741
  136           4.5961        16.08363       -11.48755       -11.48755
  137           30.148        12.01704        18.13096        18.13096
  138           39.556        16.49485        23.06125        23.06125
  139           17.761        15.26117         2.49943         2.49943
  140           5.1851        16.26639       -11.08132       -11.08132
  141           13.685        17.54577        -3.86117        -3.86117
  142           12.109        15.76378        -3.65448        -3.65448
  143           8.7545        16.35778        -7.60330        -7.60330
  144           2.9455        16.08363       -13.13813       -13.13813
  145           6.8281        16.81470        -9.98662        -9.98662
  146           7.7443        12.93088        -5.18654        -5.18654
  147           17.984        14.80425         3.18015         3.18015
  148            12.13        16.44916        -4.31956        -4.31956
  149           10.406        12.70242        -2.29662        -2.29662
  150           9.3272        15.30686        -5.97968        -5.97968
  151           16.733        14.48441         2.24859         2.24859
  152           9.8676        17.50008        -7.63244        -7.63244
  153           17.727        11.60581         6.12099         6.12099
  154           13.601        14.07318        -0.47268        -0.47268
  155           15.433        11.83427         3.59913         3.59913
  156           17.547         7.49353        10.05397        10.05397
  157           12.553        15.44394        -2.89094        -2.89094
  158           19.853        14.57579         5.27701         5.27701
  159           31.576        14.94133        16.63477        16.63477
  160           9.4206        14.66717        -5.24660        -5.24660
  161           18.268        13.89041         4.37739         4.37739
  162           6.0486        12.38257        -6.33401        -6.33401
  163           4.3798         8.63583        -4.25599        -4.25599
  164           9.6685        11.60581        -1.93729        -1.93729
  165            11.42        11.69719        -0.27679        -0.27679
  166           11.694         7.72199         3.97171         3.97171
  167           43.348        14.30164        29.04676        29.04676
  168           4.7075        17.31731       -12.60978       -12.60978
  169           11.428        16.03793        -4.60943        -4.60943
  170           8.9258        15.03271        -6.10687        -6.10687
  171           4.1539        17.22593       -13.07200       -13.07200
  172           4.6098        15.80947       -11.19962       -11.19962
  173           12.374        14.53010        -2.15560        -2.15560
  174           9.1922        17.81992        -8.62768        -8.62768
  175           9.1387        14.16456        -5.02584        -5.02584
  176           5.3938        15.85517       -10.46140       -10.46140
  177           11.369        11.69719        -0.32839        -0.32839
  178           4.6563        17.72854       -13.07223       -13.07223
  179           6.1367        16.08363        -9.94691        -9.94691
  180           10.854        12.79380        -1.93930        -1.93930
  181           9.3271        16.08363        -6.75650        -6.75650
  182           7.1876        14.02749        -6.83990        -6.83990
  183           9.1589        15.35255        -6.19368        -6.19368
  184           9.5046        15.03271        -5.52806        -5.52806
  185           14.216        12.29119         1.92501         1.92501
  186           7.7923        15.71809        -7.92581        -7.92581
  187           11.722        12.38257        -0.66027        -0.66027
  188           9.5918        15.39825        -5.80643        -5.80643
  189           19.206        16.12932         3.07628         3.07628
  190           13.463        16.67762        -3.21442        -3.21442
  191           7.2961        14.34733        -7.05124        -7.05124
  192           13.075        10.55489         2.51971         2.51971
  193           7.1673        17.72854       -10.56129       -10.56129
  194           12.073        14.34733        -2.27453        -2.27453
  195           19.095        14.07318         5.02212         5.02212
  196           7.3139        15.48963        -8.17570        -8.17570
  197           16.739        13.93610         2.80330         2.80330
  198           13.757        12.06273         1.69457         1.69457
  199           27.821        17.50008        10.32092        10.32092
  200           13.934        13.43349         0.50091         0.50091
  201           15.248        14.84994         0.39776         0.39776
  202           8.9875        16.35778        -7.37033        -7.37033
  203           10.861        15.21548        -4.35478        -4.35478
  204           10.597        18.36823        -7.77123        -7.77123
  205            21.62        18.18546         3.43414         3.43414
  206           7.4307        15.53532        -8.10465        -8.10465
  207           9.9937        19.14499        -9.15130        -9.15130
  208           4.8231         5.98569        -1.16258        -1.16258
  209           4.8568        10.69197        -5.83521        -5.83521
  210           21.917        17.31731         4.59939         4.59939
  211           5.6505        16.99747       -11.34695       -11.34695
  212           21.906        19.23637         2.66933         2.66933
  213           9.0607        16.90608        -7.84539        -7.84539
  214           7.9934        19.73899       -11.74555       -11.74555
  215           7.4892        18.41392       -10.92468       -10.92468
  216           6.6539        19.14499       -12.49109       -12.49109
  217           13.628        19.64760        -6.01990        -6.01990
  218           13.954        19.41914        -5.46524        -5.46524
  219           10.347        19.73899        -9.39179        -9.39179
  220           15.466        19.78468        -4.31858        -4.31858
  221           16.778        18.96222        -2.18422        -2.18422
  222           13.071        18.32253        -5.25153        -5.25153
  223           18.922        18.77945         0.14285         0.14285
  224           8.4914        16.54055        -8.04915        -8.04915
  225           20.206        11.87996         8.32584         8.32584
  226           22.769        19.92175         2.84755         2.84755
  227           6.6911        19.73899       -13.04785       -13.04785
  228           7.7549        20.05883       -12.30393       -12.30393
  229           9.9781        16.99747        -7.01941        -7.01941
  230           6.5614        18.18546       -11.62401       -11.62401
  231           6.6148        19.69329       -13.07849       -13.07849
  232           6.9244        14.89563        -7.97125        -7.97125
  233           5.3262        19.60191       -14.27576       -14.27576
  234            8.058        14.84994        -6.79196        -6.79196
  235           17.544        10.73766         6.80674         6.80674
  236           9.3713         6.71677         2.65456         2.65456
  237           11.861        16.35778        -4.49708        -4.49708
  238             8.09        18.96222       -10.87219       -10.87219
  239           4.1573         9.73244        -5.57513        -5.57513
  240           20.143        17.86561         2.27719         2.27719
  241           36.899        19.96745        16.93125        16.93125
  242           13.318        19.23637        -5.91857        -5.91857
  243           7.7676        19.41914       -11.65150       -11.65150
  244           13.308        19.69329        -6.38489        -6.38489
  245           40.266        17.18023        23.08597        23.08597
  246           24.944        19.51053         5.43387         5.43387
  247           30.083        15.48963        14.59377        14.59377
  248           17.256        15.67240         1.58410         1.58410
  249           3.3281        19.69329       -16.36518       -16.36518
  250           5.1295        17.95700       -12.82746       -12.82746
  251           3.9821        18.55099       -14.56885       -14.56885
  252           3.9532        18.55099       -14.59778       -14.59778
  253           3.8174        16.81470       -12.99726       -12.99726
  254           10.171        12.38257        -2.21167        -2.21167
  255           4.6838        17.54577       -12.86199       -12.86199
  256           18.988         9.41259         9.57561         9.57561
  257            2.877        13.98179       -11.10476       -11.10476
  258           3.2038        15.07840       -11.87464       -11.87464
  259           4.1977        10.82905        -6.63134        -6.63134
  260           15.714        13.38780         2.32640         2.32640
  261           11.833        15.48963        -3.65653        -3.65653
  262           13.736        15.58101        -1.84531        -1.84531
  263           19.398        15.67240         3.72550         3.72550
  264           15.859        14.62148         1.23762         1.23762
  265           31.465        13.79903        17.66567        17.66567
  266           25.114        12.38257        12.73163        12.73163
  267           25.395        15.85517         9.53993         9.53993
  268           29.733        13.52487        16.20823        16.20823
  269           26.675        13.15934        13.51546        13.51546
  270           19.537        15.16979         4.36671         4.36671
  271           12.348        12.24550         0.10280         0.10280
  272           20.289        15.48963         4.79907         4.79907
  273           20.115        15.07840         5.03700         5.03700
  274            24.86        13.25072        11.60958        11.60958
  275           12.958        12.74811         0.20949         0.20949
  276            2.671        14.16456       -11.49352       -11.49352
  277           5.0382         9.22983        -4.19167        -4.19167
  278           3.5312        12.29119        -8.75999        -8.75999
  279           5.5455        14.25595        -8.71047        -8.71047
  280           6.6047        16.72331       -10.11860       -10.11860
  281           7.5668        15.48963        -7.92279        -7.92279
  282           21.031        12.83949         8.19121         8.19121
  283           13.607        14.57579        -0.96889        -0.96889
  284            22.96         9.27552        13.68498        13.68498
  285           18.869        15.67240         3.19640         3.19640
  286           15.503        16.63193        -1.12903        -1.12903
  287             16.1        12.70242         3.39758         3.39758
  288           11.538        14.11887        -2.58067        -2.58067
  289           4.3983        16.22070       -11.82238       -11.82238
  290           6.3996        14.71287        -8.31324        -8.31324
  291           12.835        16.17501        -3.34051        -3.34051
  292           6.2451        13.29641        -7.05129        -7.05129
  293           8.1066        13.84472        -5.73815        -5.73815
  294           8.4743        12.88519        -4.41087        -4.41087
  295           5.6086        14.21025        -8.60166        -8.60166
  296           4.5229        14.07318        -9.55033        -9.55033
  297           7.6433        15.16979        -7.52653        -7.52653
  298           16.584        13.29641         3.28779         3.28779
  299           17.451        13.84472         3.60608         3.60608
  300            8.799        14.30164        -5.50264        -5.50264
  301           6.3156        15.62671        -9.31112        -9.31112
  302           12.034        15.48963        -3.45553        -3.45553
  303           7.0135        10.60059        -3.58711        -3.58711
  304           10.366        13.89041        -3.52431        -3.52431
  305           10.718        13.98179        -3.26359        -3.26359
  306           11.614        13.43349        -1.81979        -1.81979
  307           34.632        16.12932        18.50308        18.50308
  308           12.925         9.13844         3.78616         3.78616
  309           4.7633        13.38780        -8.62446        -8.62446
  310           4.8477        11.14889        -6.30118        -6.30118
  311           4.8733        10.96612        -6.09278        -6.09278
  312           8.6718        10.32643        -1.65464        -1.65464
  313           6.3709        13.34211        -6.97120        -6.97120
  314           10.545        10.82905        -0.28405        -0.28405
  315           3.2611         5.62016        -2.35911        -2.35911
  316            4.027         2.23895         1.78805         1.78805
  317           7.7924         4.52355         3.26890         3.26890
  318           6.1719         4.43216         1.73975         1.73975
  319           9.7145         9.32121         0.39329         0.39329
  320           8.4277         5.11755         3.31014         3.31014
  321           10.911         2.51310         8.39790         8.39790
  322           18.144         8.59014         9.55376         9.55376
  323           18.159         8.08753        10.07097        10.07097
  324           16.896         4.38647        12.50913        12.50913
  325            3.484         8.49875        -5.01471        -5.01471
  326           13.846         9.96090         3.88500         3.88500
  327             5.63         9.41259        -3.78254        -3.78254
  328           6.3488        13.70764        -7.35883        -7.35883
  329           9.2876        15.48963        -6.20204        -6.20204
  330           4.8111        15.67240       -10.86134       -10.86134
  331           6.3524        14.07318        -7.72081        -7.72081
  332           7.2866        15.21548        -7.92884        -7.92884
  333           9.0884        13.98179        -4.89338        -4.89338
  334           15.036        15.39825        -0.36265        -0.36265
  335           10.694        13.38780        -2.69420        -2.69420
  336           12.171        16.12932        -3.95812        -3.95812
  337           24.439        15.48963         8.94917         8.94917
  338           19.552        12.93088         6.62072         6.62072
  339           22.349        14.75856         7.59094         7.59094
  340           18.588        16.40347         2.18423         2.18423
  341           17.624        13.52487         4.09873         4.09873
  342           10.524        12.83949        -2.31599        -2.31599
  343           6.8365        11.60581        -4.76929        -4.76929
  344           6.1177        11.05751        -4.93985        -4.93985
  345           6.0422        14.07318        -8.03100        -8.03100
  346           5.8453        13.75333        -7.90801        -7.90801
  347           7.4411        13.15934        -5.71824        -5.71824
  348           6.8892        13.06795        -6.17878        -6.17878
  349           7.8529        13.66195        -5.80906        -5.80906
  350           2.6057         8.45306        -5.84740        -5.84740
  351           4.1469        -7.12791        11.27480        11.27480
  352           4.5165         5.20893        -0.69245        -0.69245
  353           5.2456         0.54834         4.69730         4.69730
  354           6.1275         3.06140         3.06613         3.06613
  355           12.489         8.72721         3.76219         3.76219
  356           3.7173         9.86951        -6.15225        -6.15225
  357           2.9095         7.72199        -4.81249        -4.81249
  358           4.8265         7.17369        -2.34719        -2.34719
  359           6.9007         5.80293         1.09776         1.09776
  360           8.0844         9.41259        -1.32819        -1.32819
  361           4.5202         7.53922        -3.01907        -3.01907
  362           3.5534        11.33166        -7.77823        -7.77823
  363           7.0128        14.11887        -7.10607        -7.10607
  364           12.969        12.47396         0.49504         0.49504
  365           16.091        12.83949         3.25141         3.25141
  366           23.609        14.62148         8.98772         8.98772
  367           8.7111         8.86429        -0.15315        -0.15315
  368           15.632        12.79380         2.83810         2.83810
  369            13.33        12.42827         0.90173         0.90173
  370           9.7848        16.81470        -7.02995        -7.02995
  371           9.5278        13.43349        -3.90567        -3.90567
  372           19.503        14.53010         4.97260         4.97260
  373           8.7229        15.48963        -6.76675        -6.76675
  374           17.736        13.43349         4.30281         4.30281
  375            19.73        12.79380         6.93600         6.93600
  376           20.076        14.66717         5.40893         5.40893
  377           24.773        13.38780        11.38560        11.38560
  378           3.0852        11.10320        -8.01802        -8.01802
  379            6.178        11.97135        -5.79339        -5.79339
  380           8.1774        12.97657        -4.79914        -4.79914
  381           2.8279        10.23505        -7.40716        -7.40716
  382           8.7665        12.33688        -3.57039        -3.57039
  383           5.8766        14.57579        -8.69914        -8.69914
  384           6.1109         9.41259        -3.30172        -3.30172
  385           5.8403         7.35645        -1.51612        -1.51612
  386            3.257         8.59014        -5.33314        -5.33314
  387           4.4253         6.07708        -1.65176        -1.65176
  388           3.7575        11.33166        -7.57413        -7.57413
  389           6.7736         9.50398        -2.73038        -2.73038
  390           4.8808         7.90476        -3.02396        -3.02396
  391           3.6348         9.50398        -5.86921        -5.86921
  392           10.313        14.11887        -3.80587        -3.80587
  393           18.788        14.07318         4.71522         4.71522
  394           15.195        10.37213         4.82287         4.82287
  395           14.757        13.11365         1.64365         1.64365
  396           1.0872        12.97657       -11.88941       -11.88941
  397           14.321        13.11365         1.20695         1.20695
  398           28.861        14.71287        14.14843        14.14843
  399           4.3638        11.01181        -6.64803        -6.64803
  400           2.5909        14.84994       -12.25903       -12.25903
  401           5.8922        13.70764        -7.81539        -7.81539
  402            6.751        13.84472        -7.09373        -7.09373
  403           3.6788        12.47396        -8.79516        -8.79516
  404           5.8679        13.61626        -7.74838        -7.74838
  405           5.1741        16.31209       -11.13801       -11.13801
  406            19.42        14.30164         5.11846         5.11846
  407           27.692        15.03271        12.65919        12.65919
  408           9.3431        16.44916        -7.10602        -7.10602
  409           13.096        13.66195        -0.56635        -0.56635
  410           22.062        10.28074        11.78166        11.78166
  411            11.52         7.17369         4.34601         4.34601
  412           32.454        14.75856        17.69544        17.69544
  413            19.37        14.57579         4.79441         4.79441
  414           5.4172         6.80815        -1.39091        -1.39091
  415           7.9471         7.90476         0.04234         0.04234
  416           4.4987         9.32121        -4.82253        -4.82253
  417           3.9269         9.32121        -5.39427        -5.39427
  418           7.4391         6.80815         0.63095         0.63095
  419           7.8256        11.01181        -3.18618        -3.18618
  420           7.7111        11.19458        -3.48348        -3.48348
  421            20.79        13.02226         7.76744         7.76744
  422           11.178         9.09275         2.08475         2.08475
  423           4.3118        11.74289        -7.43113        -7.43113
  424           13.078         8.31599         4.76241         4.76241
  425           8.5424        15.30686        -6.76446        -6.76446
  426           9.5604        15.71809        -6.15765        -6.15765
  427           8.4169        12.01704        -3.60013        -3.60013
  428           4.9731        16.81470       -11.84161       -11.84161
  429            4.587        13.98179        -9.39476        -9.39476
  430           5.3413        14.34733        -9.00600        -9.00600
  431           15.168        14.21025         0.95805         0.95805
  432            9.693        14.62148        -4.92845        -4.92845
  433           3.7311        12.33688        -8.60575        -8.60575
  434           11.719        12.79380        -1.07510        -1.07510
  435           17.981        13.11365         4.86745         4.86745
  436           22.096        13.29641         8.79989         8.79989
  437           23.298        14.62148         8.67672         8.67672
  438           20.655        12.42827         8.22693         8.22693
  439           25.913        14.39302        11.52038        11.52038
  440             22.3        14.62148         7.67902         7.67902
  441           14.769        15.26117        -0.49207        -0.49207
  442           31.532        13.34211        18.19019        18.19019
  443           17.667        12.74811         4.91929         4.91929
  444           16.658        13.25072         3.40718         3.40718
  445           12.591        13.84472        -1.25322        -1.25322
  446           16.185        14.11887         2.06653         2.06653
  447           4.2772        15.94655       -11.66936       -11.66936
  448           4.7271         9.91521        -5.18813        -5.18813
  449           2.7654         7.67630        -4.91088        -4.91088
  450           3.8228         8.40737        -4.58457        -4.58457
  451           8.9818         7.72199         1.25982         1.25982
  452           3.3481        11.74289        -8.39481        -8.39481
  453           7.4855         9.04706        -1.56155        -1.56155
  454           8.8133        12.83949        -4.02624        -4.02624
  455            2.382        14.02749       -11.64550       -11.64550
  456           8.1019        13.66195        -5.56010        -5.56010
  457           9.8802        12.79380        -2.91356        -2.91356
  458           5.3398        13.47918        -8.13935        -8.13935
  459           11.849        11.56012         0.28858         0.28858
  460           14.399        12.65673         1.74277         1.74277
  461           12.752        13.93610        -1.18410        -1.18410
  462           6.2709        15.03271        -8.76185        -8.76185
  463            10.48        15.76378        -5.28348        -5.28348
  464             14.7        14.21025         0.49025         0.49025
  465           10.385        13.66195        -3.27715        -3.27715
  466            14.88        12.56534         2.31516         2.31516
  467           4.4902        10.32643        -5.83626        -5.83626
  468           7.5752        13.79903        -6.22384        -6.22384
  469           11.076        13.61626        -2.54036        -2.54036
  470           9.5126        11.83427        -2.32165        -2.32165
  471           1.5081        14.75856       -13.25050       -13.25050
  472           15.782        11.46873         4.31287         4.31287
  473           40.534        11.83427        28.70003        28.70003
  474           6.7869        18.77945       -11.99252       -11.99252
  475           26.333        14.84994        11.48346        11.48346
  476           12.457        17.86561        -5.40871        -5.40871
  477            7.033        18.87084       -11.83780       -11.83780
  478           14.171        17.13454        -2.96384        -2.96384
  479           7.3906        18.41392       -11.02333       -11.02333
  480           31.917        16.12932        15.78738        15.78738
  481           16.231        17.77423        -1.54283        -1.54283
  482           13.145        10.37213         2.77277         2.77277
  483             7.46        11.60581        -4.14580        -4.14580
  484           8.2028        12.83949        -4.63668        -4.63668
  485           4.5869        13.98179        -9.39493        -9.39493
  486            6.753        10.14367        -3.39065        -3.39065
  487           4.8654        14.43871        -9.57332        -9.57332
  488           6.3986        14.84994        -8.45135        -8.45135
  489           7.0149        15.16979        -8.15488        -8.15488
  490           7.4355        14.80425        -7.36874        -7.36874
  491           5.7512        12.70242        -6.95121        -6.95121
  492           3.8584         9.64105        -5.78261        -5.78261
  493           3.0149        10.18936        -7.17447        -7.17447
  494           2.5171        -0.09134         2.60844         2.60844
  495            4.821        10.92043        -6.09942        -6.09942
  496           4.0769         9.68675        -5.60982        -5.60982
  497           6.6856         9.64105        -2.95545        -2.95545
  498           4.7284         9.09275        -4.36437        -4.36437
  499           7.4282        11.56012        -4.13190        -4.13190
  500           5.8299         6.53400        -0.70407        -0.70407
  501           3.4836        10.87474        -7.39111        -7.39111
  502           5.8107         9.82382        -4.01311        -4.01311
  503           16.953        12.65673         4.29617         4.29617
  504           8.9103        12.01704        -3.10675        -3.10675
  505           9.0879         7.44784         1.64010         1.64010
  506           8.5049         7.53922         0.96573         0.96573
  507           3.4708        10.18936        -6.71856        -6.71856
  508            3.681        11.69719        -8.01617        -8.01617
  509           5.2242        12.88519        -7.66096        -7.66096
  510             9.07        10.46351        -1.39353        -1.39353
  511           5.9227        12.06273        -6.14006        -6.14006
  512           7.4865        13.34211        -5.85557        -5.85557
  513           6.9095        12.70242        -5.79295        -5.79295
  514           5.8748        10.41782        -4.54306        -4.54306
  515           5.8879        12.24550        -6.35759        -6.35759
  516           4.9585        11.65150        -6.69300        -6.69300
  517           4.9428        12.88519        -7.94234        -7.94234
  518           7.3862        11.28597        -3.89978        -3.89978
  519           14.571         6.35123         8.21937         8.21937
  520           11.056        12.83949        -1.78319        -1.78319
  521            9.591        11.60581        -2.01477        -2.01477
  522           4.9151        12.06273        -7.14762        -7.14762
  523           8.7013        12.79380        -4.09254        -4.09254
  524           5.7834        11.24027        -5.45691        -5.45691
  525           4.3092        12.24550        -7.93627        -7.93627
  526           5.2047        11.33166        -6.12698        -6.12698
  527           5.3149         9.13844        -3.82351        -3.82351
  528           9.7142        10.82905        -1.11484        -1.11484
  529           14.538        12.33688         2.20082         2.20082
  530           5.9746         9.32121        -3.34657        -3.34657
  531           2.2615        12.70242       -10.44088       -10.44088
  532          0.79461         8.22460        -7.42999        -7.42999
  533            2.627         7.81337        -5.18641        -5.18641
  534           1.5723         7.99614        -6.42385        -6.42385
  535           5.5635         4.06663         1.49683         1.49683
  536           3.1784        15.03271       -11.85436       -11.85436
  537           17.973        12.01704         5.95616         5.95616
  538           11.742        14.30164        -2.55914        -2.55914
  539           12.302        13.15934        -0.85744        -0.85744
  540           12.527        12.79380        -0.26710        -0.26710
  541           7.6975        13.66195        -5.96443        -5.96443
  542           9.0668        13.15934        -4.09251        -4.09251
  543           5.3028        14.25595        -8.95315        -8.95315
  544           10.482        15.80947        -5.32777        -5.32777
  545           14.649        12.93088         1.71812         1.71812
  546           17.338        15.48963         1.84807         1.84807
  547           12.866        15.67240        -2.80610        -2.80610
  548           14.486        13.52487         0.96123         0.96123
  549           24.755        15.07840         9.67690         9.67690
  550            8.614        14.34733        -5.73335        -5.73335
  551           10.298        15.26117        -4.96307        -4.96307
  552           10.176        14.21025        -4.03465        -4.03465
  553           12.387        14.80425        -2.41755        -2.41755
  554           13.386        14.21025        -0.82385        -0.82385
  555           10.324        13.43349        -3.10929        -3.10929
  556           4.2796        15.76378       -11.48414       -11.48414
  557           12.832        13.02226        -0.19046        -0.19046
  558           5.5085        12.61103        -7.10250        -7.10250
  559            3.569        17.54577       -13.97675       -13.97675
  560           9.4161        14.89563        -5.47951        -5.47951
  561           1.1773        14.57579       -13.39853       -13.39853
  562           8.3893        15.03271        -6.64338        -6.64338
  563           4.4175        15.26117       -10.84368       -10.84368
  564           5.2486        12.19981        -6.95120        -6.95120
  565            7.221        12.97657        -5.75562        -5.75562
  566           13.662        14.30164        -0.63954        -0.63954
  567           12.698        15.39825        -2.70055        -2.70055
  568           14.658        13.11365         1.54415         1.54415
  569           10.801        14.89563        -4.09473        -4.09473
  570           10.373        15.94655        -5.57395        -5.57395
  571           13.101        11.01181         2.08899         2.08899
  572            17.74        14.75856         2.98164         2.98164
  573           2.2466        16.49485       -14.24827       -14.24827
  574           7.8228         8.49875        -0.67596        -0.67596
  575           5.3525         8.90998        -3.55751        -3.55751
  576          0.89155        10.32643        -9.43488        -9.43488
  577            6.081        12.83949        -6.75845        -6.75845
  578           5.4165        11.24027        -5.82381        -5.82381
  579            5.963         6.35123        -0.38825        -0.38825
  580           6.9491        11.10320        -4.15406        -4.15406
  581           11.253        10.00659         1.24641         1.24641
  582           13.348         9.22983         4.11767         4.11767
  583           12.775         9.68675         3.08785         3.08785
  584           5.1164         6.44261        -1.32619        -1.32619
  585           3.4386         9.91521        -6.47658        -6.47658
  586            6.182         6.99092        -0.80892        -0.80892
  587           10.809        10.23505         0.57345         0.57345
  588           7.6987        11.74289        -4.04419        -4.04419
  589           13.671        12.56534         1.10596         1.10596
  590           9.1383        10.64628        -1.50794        -1.50794
  591           11.136        10.55489         0.58151         0.58151
  592           3.1146         8.54445        -5.42982        -5.42982
  593           2.7393         5.84862        -3.10928        -3.10928
  594           8.5563        11.60581        -3.04953        -3.04953
  595           2.6996        11.60581        -8.90618        -8.90618
  596           2.5003        11.60581        -9.10551        -9.10551
  597           10.565         9.04706         1.51824         1.51824
  598            14.38        12.19981         2.18049         2.18049
  599           5.4883         1.23372         4.25463         4.25463
  600           1.5368        12.56534       -11.02859       -11.02859
  601           3.6243        12.29119        -8.66690        -8.66690
  602           4.4733        15.26117       -10.78790       -10.78790
  603           11.503         9.32121         2.18189         2.18189
  604           10.177        10.23505        -0.05855        -0.05855
  605            5.019         6.39692        -1.37791        -1.37791
  606           3.1956        10.92043        -7.72479        -7.72479
  607           3.1189         9.82382        -6.70493        -6.70493
  608           2.5531        11.69719        -9.14405        -9.14405
  609           4.1642         5.39170        -1.22749        -1.22749
  610           2.9415        11.37735        -8.43580        -8.43580
  611           3.9417        13.02226        -9.08060        -9.08060
  612           3.7184        13.89041       -10.17198       -10.17198
  613           5.9654        13.84472        -7.87928        -7.87928
  614           10.441        12.97657        -2.53537        -2.53537
  615           8.5236        13.15934        -4.63573        -4.63573
  616           29.503        11.92565        17.57695        17.57695
  617           12.486         5.57447         6.91183         6.91183
  618           2.0605        14.39302       -12.33254       -12.33254
  619           17.252        11.42304         5.82886         5.82886
  620           5.2193        11.69719        -6.47788        -6.47788
  621           11.076        10.18936         0.88704         0.88704
  622           10.636        12.56534        -1.92884        -1.92884
  623           12.775         8.86429         3.91091         3.91091
  624           10.852        12.15411        -1.30161        -1.30161
  625           5.6394        11.69719        -6.05779        -6.05779
  626           5.7749        10.32643        -4.55153        -4.55153
  627           8.8108         6.39692         2.41385         2.41385
  628           14.165         9.22983         4.93547         4.93547
  629           7.6979        10.55489        -2.85699        -2.85699
  630           1.6723         8.36168        -6.68941        -6.68941
  631           10.833         9.64105         1.19205         1.19205
  632           10.451         8.77291         1.67829         1.67829
  633           3.8223         7.58491        -3.76261        -3.76261
  634           3.2651        11.14889        -7.88381        -7.88381
  635            2.568        10.73766        -8.16963        -8.16963
  636           3.2221         6.57969        -3.35757        -3.35757
  637           3.5944         9.18413        -5.58972        -5.58972
  638           7.5621         3.74678         3.81533         3.81533
  639            3.417        11.97135        -8.55432        -8.55432
  640           10.812        12.29119        -1.47949        -1.47949
  641           13.183        11.56012         1.62298         1.62298
  642           11.374        13.25072        -1.87672        -1.87672
  643           7.2221        13.57057        -6.34851        -6.34851
  644           12.676        15.30686        -2.63126        -2.63126
  645             9.41        11.65150        -2.24153        -2.24153
  646           4.5279         4.24940         0.27850         0.27850
  647           9.1972         7.49353         1.70364         1.70364
  648            4.716         9.00137        -4.28533        -4.28533
  649           4.8904         8.90998        -4.01962        -4.01962
  650           4.5058        12.74811        -8.24229        -8.24229
  651           5.8686        13.02226        -7.15370        -7.15370
  652           1.2993        12.47396       -11.17468       -11.17468
  653           4.5183        10.60059        -6.08231        -6.08231
  654           25.695        13.79903        11.89557        11.89557
  655           14.629        12.24550         2.38340         2.38340
  656           6.6337        15.67240        -9.03875        -9.03875
  657           5.1061        15.99224       -10.88614       -10.88614
  658           2.8888        12.61103        -9.72225        -9.72225
  659           6.6151        15.62671        -9.01156        -9.01156
  660           11.564        11.33166         0.23274         0.23274
  661           5.1731        11.14889        -5.97578        -5.97578
  662           11.922        16.81470        -4.89310        -4.89310
  663           4.9862         6.94523        -1.95905        -1.95905
  664           5.9321         9.18413        -3.25199        -3.25199
  665           4.7096        12.10842        -7.39880        -7.39880
  666           4.8637         9.00137        -4.13763        -4.13763
  667           7.3452         5.34601         1.99922         1.99922
  668           9.4361        13.98179        -4.54571        -4.54571
  669           5.9263        12.42827        -6.50201        -6.50201
  670           3.2311        10.60059        -7.36948        -7.36948
  671           6.6619         7.90476        -1.24291        -1.24291
  672           10.933         7.81337         3.11923         3.11923
  673           4.7592        10.05228        -5.29306        -5.29306
  674           10.358         9.18413         1.17347         1.17347
  675           11.479        11.51443        -0.03553        -0.03553
  676           7.7764         9.77813        -2.00174        -2.00174
  677            10.07        12.51965        -2.44995        -2.44995
  678           6.8104        10.05228        -3.24186        -3.24186
  679           8.0251        13.79903        -5.77396        -5.77396
  680            6.232        15.58101        -9.34901        -9.34901
  681           7.2691         9.27552        -2.00639        -2.00639
  682           5.0454        11.87996        -6.83451        -6.83451
  683           3.2343        16.40347       -13.16914       -13.16914
  684            3.649        13.34211        -9.69308        -9.69308
  685           2.3017         8.54445        -6.24278        -6.24278
  686           7.1302        11.74289        -4.61267        -4.61267
  687           9.5274        13.70764        -4.18023        -4.18023
  688           7.7392        11.83427        -4.09505        -4.09505
  689           10.843        13.84472        -3.00162        -3.00162
  690           9.0598        13.38780        -4.32801        -4.32801
  691            12.82        13.93610        -1.11560        -1.11560
  692           5.4316         8.72721        -3.29560        -3.29560
  693           7.4961        12.97657        -5.48043        -5.48043
  694           4.9297        10.82905        -5.89936        -5.89936
  695           10.761        12.83949        -2.07809        -2.07809
  696           21.473        11.33166        10.14134        10.14134
  697           19.546        14.98702         4.55868         4.55868
  698           31.033        12.06273        18.97027        18.97027
  699           6.9153        13.15934        -6.24409        -6.24409
  700           10.184        13.34211        -3.15831        -3.15831
  701           4.3111        14.02749        -9.71642        -9.71642
  702           8.0269        13.15934        -5.13248        -5.13248
  703           18.528        13.61626         4.91204         4.91204
  704          0.79217        11.69719       -10.90503       -10.90503
  705           4.3121        12.88519        -8.57307        -8.57307
  706           3.6226         8.59014        -4.96757        -4.96757
  707           4.3191        11.42304        -7.10392        -7.10392
  708            4.093        11.51443        -7.42138        -7.42138
  709           9.2572         9.91521        -0.65802        -0.65802
  710           9.2659        15.85517        -6.58930        -6.58930
  711           9.0732        16.08363        -7.01043        -7.01043
  712           20.396        18.77945         1.61705         1.61705
  713           3.9376        18.27684       -14.33927       -14.33927
  714           10.717        14.53010        -3.81280        -3.81280
  715            3.825        13.93610       -10.11114       -10.11114
  716           85.889        14.43871        71.45059        71.45059
  717           19.905        13.52487         6.38063         6.38063
  718           28.999        15.35255        13.64655        13.64655
  719           22.053        14.53010         7.52320         7.52320
  720           25.559        11.19458        14.36452        14.36452
  721           27.384        15.39825        11.98595        11.98595
  722            20.73        13.29641         7.43399         7.43399
  723           19.171        13.25072         5.92018         5.92018
  724           17.396        14.66717         2.72843         2.72843
  725           30.451        12.88519        17.56591        17.56591
  726           30.379        15.67240        14.70680        14.70680
  727           24.948        13.75333        11.19437        11.19437
  728           17.667        17.04316         0.62424         0.62424
  729           18.307        12.93088         5.37642         5.37642
  730           17.669        16.08363         1.58567         1.58567
  731           11.001        13.25072        -2.24932        -2.24932
  732           20.687        13.15934         7.52776         7.52776
  733           25.675        15.07840        10.59680        10.59680
  734            13.08        12.83949         0.24061         0.24061
  735           12.344        13.61626        -1.27186        -1.27186
  736            14.52        12.06273         2.45677         2.45677
  737           12.546        13.38780        -0.84140        -0.84140
  738           11.286        13.79903        -2.51353        -2.51353
  739           7.1474        13.47918        -6.33182        -6.33182
  740           19.051        15.07840         3.97230         3.97230
  741           22.484        13.79903         8.68537         8.68537
  742           27.089        16.81470        10.27400        10.27400
  743           17.015        12.61103         4.40417         4.40417
  744           7.2114        13.11365        -5.90221        -5.90221
  745           19.827        16.72331         3.10339         3.10339
  746           11.982        15.85517        -3.87287        -3.87287
  747           15.399        15.07840         0.32010         0.32010
  748           11.178        12.74811        -1.56971        -1.56971
  749           14.646        11.74289         2.90301         2.90301
  750           10.511        15.71809        -5.20659        -5.20659
  751           15.399        14.98702         0.41208         0.41208
  752           19.671        17.27162         2.39938         2.39938
  753           11.224        12.74811        -1.52381        -1.52381
  754           8.7361        15.16979        -6.43372        -6.43372
  755           12.173        15.07840        -2.90520        -2.90520
  756           24.542        13.47918        11.06322        11.06322
  757           7.9103        14.43871        -6.52837        -6.52837
  758           59.165        11.01181        48.15349        48.15349
  759            25.25        14.71287        10.53743        10.53743
  760           40.515        14.07318        26.44182        26.44182
  761           23.017        15.12409         7.89291         7.89291
  762           23.705        12.51965        11.18575        11.18575
  763            22.14        14.21025         7.92925         7.92925
  764           19.485        14.30164         5.18316         5.18316
  765           6.7222        14.62148        -7.89931        -7.89931
  766            18.25        14.34733         3.90277         3.90277
  767           29.893        15.35255        14.54085        14.54085
  768           33.554        12.33688        21.21752        21.21752
  769           32.206        14.11887        18.08683        18.08683
  770           26.553        18.27684         8.27576         8.27576
  771            19.28        14.94133         4.33867         4.33867
  772           21.444        17.31731         4.12709         4.12709
  773           34.526        15.76378        18.76182        18.76182
  774           21.085        10.05228        11.03262        11.03262
  775           28.123        15.67240        12.45060        12.45060
  776           38.958        14.80425        24.15345        24.15345
  777           25.675        15.53532        10.13928        10.13928
  778           35.635        17.81992        17.81498        17.81498
  779           40.541        16.58624        23.95426        23.95426
  780           32.352        17.31731        15.03419        15.03419
  781           38.785        16.22070        22.56400        22.56400
  782           6.9833         7.58491        -0.60164        -0.60164
  783           5.9221         9.36690        -3.44478        -3.44478
  784           8.3093        12.51965        -4.21034        -4.21034
  785           20.792        17.27162         3.52078         3.52078
  786           10.404        14.80425        -4.40045        -4.40045
  787           17.148        13.20503         3.94297         3.94297
  788           29.335        15.62671        13.70869        13.70869
  789           27.552        11.60581        15.94609        15.94609
  790           29.303        14.34733        14.95547        14.95547
  791           32.042        16.17501        15.86669        15.86669
  792           6.2847        11.19458        -4.90993        -4.90993
  793           7.2508        13.52487        -6.27405        -6.27405
  794           25.726        15.90086         9.82514         9.82514
  795           21.991        15.48963         6.50137         6.50137
  796             18.5        16.63193         1.86817         1.86817
  797           17.754        15.12409         2.62951         2.62951
  798           16.991        13.66195         3.32895         3.32895
  799           8.6288        15.39825        -6.76945        -6.76945
  800           8.7005        15.39825        -6.69773        -6.69773
  801           10.259        16.26639        -6.00689        -6.00689
  802           13.895        15.39825        -1.50325        -1.50325
  803           8.3766        12.51965        -4.14302        -4.14302
  804           23.524        11.69719        11.82691        11.82691
  805           20.174        18.36823         1.80527         1.80527
  806            18.48        14.75856         3.72164         3.72164
  807           31.996        15.85517        16.14063        16.14063
  808           21.783        14.07318         7.71022         7.71022
  809           28.593        15.94655        12.64645        12.64645
  810           16.973        15.03271         1.94039         1.94039
  811           19.864        13.06795         6.79575         6.79575
  812           23.074        14.75856         8.31584         8.31584
  813           22.372        14.21025         8.16125         8.16125
  814           21.328        17.40869         3.91961         3.91961
  815           24.213        15.03271         9.18059         9.18059
  816           31.724        12.10842        19.61598        19.61598
  817           23.271        16.58624         6.68506         6.68506
  818           14.965        16.03793        -1.07313        -1.07313
  819           10.452        14.80425        -4.35255        -4.35255
  820           12.758        15.21548        -2.45738        -2.45738
  821           17.323         9.41259         7.91041         7.91041
  822           18.544        13.98179         4.56181         4.56181
  823           18.341        14.62148         3.71922         3.71922
  824           25.172        12.56534        12.60626        12.60626
  825           22.671         9.73244        12.93876        12.93876
  826           24.271        13.52487        10.74663        10.74663
  827            19.89        12.15411         7.73639         7.73639
  828           22.424        12.93088         9.49272         9.49272
  829           14.101        14.57579        -0.47489        -0.47489
  830           11.657        17.04316        -5.38596        -5.38596
  831           22.528        13.02226         9.50564         9.50564
  832           28.048        16.26639        11.78121        11.78121
  833           19.119        16.03793         3.08117         3.08117
  834           18.807        15.48963         3.31697         3.31697
  835           18.196        14.75856         3.43704         3.43704
  836           27.741        14.02749        13.71401        13.71401
  837           26.027        14.11887        11.90853        11.90853
  838           27.034        16.63193        10.40187        10.40187
  839           32.697        16.76901        15.92839        15.92839
  840           21.228        13.43349         7.79461         7.79461
  841           26.515        14.16456        12.35094        12.35094
  842           24.822        11.87996        12.94174        12.94174
  843           46.855        15.03271        31.82269        31.82269
  844           76.633        18.00269        58.63031        58.63031
  845           17.999        15.16979         2.82901         2.82901
  846           38.811        12.88519        25.92621        25.92621
  847           91.222        14.02749        77.19401        77.19401
  848           25.885        13.25072        12.63438        12.63438
  849           15.061        12.83949         2.22141         2.22141
  850           23.714        14.16456         9.54924         9.54924
  851           15.032        14.89563         0.13607         0.13607
  852           26.864        13.47918        13.38492        13.38492
  853           40.085        18.09407        21.99063        21.99063
  854           26.387        16.08363        10.30387        10.30387
  855           17.297        16.86039         0.43631         0.43631
  856           27.424        13.84472        13.57898        13.57898
  857             31.5        13.47918        18.02102        18.02102
  858           35.309        15.58101        19.72789        19.72789
  859           31.395        15.62671        15.76879        15.76879
  860           22.296        15.53532         6.76078         6.76078
  861           41.327        15.99224        25.33486        25.33486
  862           29.318        15.44394        13.87426        13.87426
  863           111.48        18.50530        92.97370        92.97370
  864           9.9809        16.90608        -6.92516        -6.92516
  865           12.334        17.13454        -4.80054        -4.80054
  866           33.561        19.19068        14.37072        14.37072
  867           45.658        19.14499        26.51291        26.51291
  868           19.242        19.00791         0.23399         0.23399
  869           24.018        18.36823         5.64967         5.64967
  870            16.36        16.67762        -0.31762        -0.31762
  871           5.9742        18.59669       -12.62246       -12.62246
  872           15.928        14.94133         0.98647         0.98647
  873            35.37        13.47918        21.89062        21.89062
  874           13.681        19.19068        -5.51008        -5.51008
  875           9.4549        19.32776        -9.87289        -9.87289
  876            15.06        17.27162        -2.21182        -2.21182
  877           17.256        11.46873         5.78737         5.78737
  878            33.74        16.44916        17.29094        17.29094
  879            24.15        19.19068         4.95962         4.95962
  880           37.729        18.96222        18.76668        18.76668
  881            21.86        16.54055         5.31985         5.31985
  882           68.908        19.51053        49.39707        49.39707
  883           21.779        17.81992         3.95888         3.95888
  884           22.294        14.84994         7.44456         7.44456
  885           34.168        18.32253        15.84517        15.84517
  886           38.121        16.67762        21.44348        21.44348
  887           13.307        17.40869        -4.10199        -4.10199
  888           45.367        17.04316        28.32374        28.32374
  889           13.178        13.02226         0.15524         0.15524
  890           26.027        16.12932         9.89818         9.89818
  891           20.177        15.16979         5.00751         5.00751
  892           22.222        15.99224         6.23006         6.23006
  893           16.469        15.58101         0.88809         0.88809
  894           20.035        17.22593         2.80957         2.80957
  895           9.2452        16.26639        -7.02118        -7.02118
  896           9.1491        15.53532        -6.38621        -6.38621
  897           13.532        15.26117        -1.72917        -1.72917
  898           15.385        13.43349         1.95161         1.95161
  899           19.057        13.84472         5.21208         5.21208
  900            12.12        15.94655        -3.82685        -3.82685
  901           8.9187        14.43871        -5.51998        -5.51998
  902            16.42        15.26117         1.15883         1.15883
  903           14.834        16.67762        -1.84412        -1.84412
  904           24.584        12.56534        12.01866        12.01866
  905           30.799        14.80425        15.99445        15.99445
  906           22.086        13.61626         8.46974         8.46974
  907           13.447        14.75856        -1.31126        -1.31126
  908           13.246        15.58101        -2.33481        -2.33481
  909           36.857        13.52487        23.33183        23.33183
  910           31.584        12.06273        19.52087        19.52087
  911           23.887        15.99224         7.89476         7.89476
  912           26.956        14.21025        12.74555        12.74555
  913             37.2        13.06795        24.13245        24.13245
  914           17.397        13.98179         3.41561         3.41561
  915           12.907        14.34733        -1.44023        -1.44023
  916           24.393        13.93610        10.45730        10.45730
  917           22.559        13.84472         8.71398         8.71398
  918           14.405        16.03793        -1.63253        -1.63253
  919           20.246        15.21548         5.03092         5.03092
  920           8.1337        10.60059        -2.46692        -2.46692
  921           8.9006        13.47918        -4.57861        -4.57861
  922           6.0565        14.11887        -8.06236        -8.06236
  923           6.7497        14.39302        -7.64333        -7.64333
  924           19.545        17.13454         2.41076         2.41076
  925           8.5179        13.66195        -5.14408        -5.14408
  926           13.701        14.89563        -1.19443        -1.19443
  927           22.721        15.90086         6.82004         6.82004
  928           21.249        12.47396         8.77544         8.77544
  929           12.813        12.65673         0.15667         0.15667
  930           10.548        14.80425        -4.25645        -4.25645
  931           27.391        15.44394        11.94696        11.94696
  932           22.427        15.44394         6.98296         6.98296
  933           15.559        14.48441         1.07479         1.07479
  934           19.994        15.16979         4.82431         4.82431
  935           19.419        10.69197         8.72743         8.72743
  936            26.11        13.29641        12.81369        12.81369
  937           22.001        15.16979         6.83081         6.83081
  938           15.773        15.12409         0.64911         0.64911
  939           17.163        15.85517         1.30753         1.30753
  940           19.463        16.31209         3.15061         3.15061
  941           14.418        16.35778        -1.94028        -1.94028
  942           28.729        15.30686        13.42244        13.42244
  943           22.521        12.24550        10.27600        10.27600
  944           24.752        15.30686         9.44504         9.44504
  945           11.813        13.38780        -1.57440        -1.57440
  946           19.242        14.94133         4.30037         4.30037
  947           38.111        11.42304        26.68836        26.68836
  948           69.057         9.82382        59.23278        59.23278
  949           30.694         9.64105        21.05295        21.05295
  950            26.29        13.70764        12.58256        12.58256
  951           11.417        13.34211        -1.92551        -1.92551
  952           23.805        13.61626        10.18924        10.18924
  953            39.48        13.75333        25.72697        25.72697
  954           41.185        15.90086        25.28434        25.28434
  955            27.82        13.29641        14.52309        14.52309
  956           27.281        13.25072        14.03028        14.03028
  957           18.194        15.44394         2.75016         2.75016
  958           21.428        14.57579         6.85261         6.85261
  959           16.149        11.01181         5.13699         5.13699
  960           13.452        15.21548        -1.76348        -1.76348
  961           17.254        13.66195         3.59235         3.59235
  962           25.179        12.29119        12.88791        12.88791
  963           29.919        18.04838        11.87072        11.87072
  964           21.179        12.97657         8.20283         8.20283
  965           30.738        16.76901        13.96919        13.96919
  966           36.001        18.55099        17.45021        17.45021
  967           22.456        14.16456         8.29124         8.29124
  968           33.302        17.59146        15.71084        15.71084
  969           38.364        11.97135        26.39275        26.39275
  970           32.286        16.40347        15.88253        15.88253
  971           9.0081        12.24550        -3.23738        -3.23738
  972           7.2678        12.10842        -4.84060        -4.84060
  973           8.7118        12.88519        -4.17339        -4.17339
  974           8.1374        16.95177        -8.81435        -8.81435
  975           7.7356        14.75856        -7.02295        -7.02295
  976           23.446        11.51443        11.93157        11.93157
  977           13.439        18.00269        -4.56349        -4.56349
  978           7.9124        11.10320        -3.19081        -3.19081
  979           2.5016         6.05989        -5.98317        -3.55830
  980           4.7695        15.30686       -10.53735       -10.53735
  981           3.3473        16.67762       -13.33028       -13.33028
  982           6.3918        18.41392       -12.02217       -12.02217
  983            13.03        12.29119         0.73871         0.73871
  984           19.628        13.75333         5.87437         5.87437
  985           13.603        16.22070        -2.61780        -2.61780
  986           20.188         9.73244        10.45576        10.45576
  987           15.425        14.16456         1.26074         1.26074
  988           13.925        13.15934         0.76606         0.76606
  989           9.8231        13.79903        -3.97592        -3.97592
  990           6.4052        14.21025        -7.80508        -7.80508
  991           16.096         7.81337         8.28223         8.28223
  992           11.626        13.84472        -2.21862        -2.21862
  993           20.878        14.16456         6.71384         6.71384
  994           16.361        10.82905         5.53235         5.53235
  995           11.003        14.16456        -3.16136        -3.16136
  996           12.949        13.34211        -0.39331        -0.39331
  997           9.8226        14.25595        -4.43333        -4.43333
  998           4.5448        16.22070       -11.67589       -11.67589
  999           8.2217        16.54055        -8.31884        -8.31884
 1000           23.283        12.83949        10.44321        10.44321
 1001           25.643        15.26117        10.38223        10.38223
 1002           16.059        14.34733         1.71187         1.71187
 1003           17.857        11.92565         5.93095         5.93095
 1004           14.613        14.07318         0.54012         0.54012
 1005           18.346        14.89563         3.44997         3.44997
 1006           18.649        13.70764         4.94106         4.94106
 1007              8.4        13.43349        -5.03350        -5.03350
 1008           19.065        13.38780         5.67730         5.67730
 1009           21.708        11.46873        10.23917        10.23917
 1010           14.754        12.10842         2.64558         2.64558
 1011           3.3945        12.83949        -9.44499        -9.44499
 1012           4.9005        15.12409       -10.22356       -10.22356
 1013           7.3667        13.57057        -6.20382        -6.20382
 1014           6.4913        11.51443        -5.02309        -5.02309
 1015           2.6987        13.43349       -10.73484       -10.73484
 1016           8.2508        14.48441        -6.23363        -6.23363
 1017           2.8796        15.16979       -12.29022       -12.29022
 1018             8.43        13.11365        -4.68366        -4.68366
 1019           5.3949        15.94655       -10.55160       -10.55160
 1020           14.358        15.39825        -1.04015        -1.04015
 1021           16.199        15.85517         0.34393         0.34393
 1022           18.717        14.89563         3.82147         3.82147
 1023            14.82        12.74811         2.07239         2.07239
 1024           18.692        13.52487         5.16753         5.16753
 1025           8.0201        14.39302        -6.37290        -6.37290
 1026           13.094        13.47918        -0.38478        -0.38478
 1027           9.4828         8.90998         0.57284         0.57284
 1028           13.649        14.02749        -0.37799        -0.37799
 1029           15.701        15.90086        -0.19976        -0.19976
 1030            16.58        16.17501         0.40519         0.40519
 1031           18.817        13.20503         5.61247         5.61247
 1032           12.212        14.21025        -1.99825        -1.99825
 1033           10.983        14.84994        -3.86724        -3.86724
 1034           15.902        15.80947         0.09203         0.09203
 1035           13.421        14.62148        -1.19998        -1.19998
 1036            17.25        13.43349         3.81691         3.81691
 1037           12.192        13.61626        -1.42386        -1.42386
 1038           18.454        13.38780         5.06670         5.06670
 1039           8.1343        13.84472        -5.71037        -5.71037
 1040           10.732        15.30686        -4.57436        -4.57436
 1041           17.251        12.83949         4.41171         4.41171
 1042           17.653        12.74811         4.90479         4.90479
 1043           20.183        16.67762         3.50568         3.50568
 1044           12.971        14.21025        -1.23895        -1.23895
 1045           11.075        15.99224        -4.91764        -4.91764
 1046           9.4127        15.30686        -5.89416        -5.89416
 1047           3.9878        14.48441       -10.49658       -10.49658
 1048           9.7065        14.89563        -5.18912        -5.18912
 1049           10.748        15.62671        -4.87861        -4.87861
 1050           15.825        14.89563         0.92917         0.92917
 1051           10.143        16.03793        -5.89473        -5.89473
 1052           21.649        14.62148         7.02722         7.02722
 1053           20.139        13.57057         6.56803         6.56803
 1054           17.371        13.47918         3.89202         3.89202
 1055           8.0859        18.18546       -10.09958       -10.09958
 1056           5.0037        16.63193       -11.62819       -11.62819
 1057           8.2951        13.34211        -5.04703        -5.04703
 1058           5.1156        11.65150        -6.53589        -6.53589
 1059           7.3782        12.38257        -5.00435        -5.00435
 1060            3.915        13.15934        -9.24430        -9.24430
 1061           3.5114         7.58491        -4.07346        -4.07346
 1062           6.7778         9.96090        -3.18310        -3.18310
 1063           7.3459        13.34211        -5.99625        -5.99625
 1064           2.3227        10.28074        -7.95801        -7.95801
 1065           8.3613         7.90476         0.45659         0.45659
 1066           1.9974         8.95567        -6.95831        -6.95831
 1067           5.7209        13.52487        -7.80394        -7.80394
 1068           8.4875        13.57057        -5.08312        -5.08312
 1069            7.087        13.89041        -6.80337        -6.80337
 1070           6.0918        12.83949        -6.74772        -6.74772
 1071           5.8428        12.97657        -7.13373        -7.13373
 1072           6.3144        11.14889        -4.83451        -4.83451
 1073           7.7862        13.89041        -6.10421        -6.10421
 1074           1.6277        12.93088       -11.30317       -11.30317
 1075           9.9809        13.98179        -4.00092        -4.00092
 1076           7.2587        13.29641        -6.03772        -6.03772
 1077           5.4347        11.83427        -6.39959        -6.39959
 1078           7.3638        17.27162        -9.90781        -9.90781
 1079           4.4875         7.81337        -3.32587        -3.32587
 1080           4.1149         6.57969        -2.46482        -2.46482
 1081           13.916        14.21025        -0.29435        -0.29435
 1082           13.558        12.33688         1.22122         1.22122
 1083           11.325        13.66195        -2.33735        -2.33735
 1084           7.1013        14.43871        -7.33741        -7.33741
 1085             4.09         9.04706        -4.95701        -4.95701
 1086           3.1465        13.66195       -10.51544       -10.51544
 1087           3.1872        13.84472       -10.65752       -10.65752
 1088           4.6984        13.02226        -8.32382        -8.32382
 1089           3.0891        19.09930       -16.01019       -16.01019
 1090           3.8844        13.55964       -10.56705        -9.67525
 1091           3.5199        15.76378       -12.24385       -12.24385
 1092           3.0483        14.39302       -11.34470       -11.34470
 1093           8.2481        13.84472        -5.59663        -5.59663
 1094           8.9166         8.04183         0.87477         0.87477
 1095            4.767        10.09797        -5.33098        -5.33098
 1096           2.6761         7.35645        -4.68038        -4.68038
 1097           9.5896        11.92565        -2.33605        -2.33605
 1098           6.7433         9.86951        -3.12622        -3.12622
 1099           12.757        12.15411         0.60279         0.60279
 1100            8.716        11.10320        -2.38717        -2.38717
 1101           2.3801         8.27029        -5.89018        -5.89018
 1102           2.7162        10.14367        -7.42744        -7.42744
 1103           3.5135         7.85907        -4.34560        -4.34560
 1104           3.2305         4.70632        -1.47579        -1.47579
 1105           3.8765        12.24550        -8.36902        -8.36902
 1106           2.7515         8.04183        -5.29038        -5.29038
 1107            2.881         5.89431        -3.01328        -3.01328
============================== END OF REPORT ================================

