>>29/11/2019 16:33:52
REGRESSION
----------
SUMMARY OF OUTPUT: SPATIAL LAG MODEL - MAXIMUM LIKELIHOOD ESTIMATION
Data set            : BonusFile
Spatial Weight      : Bonusfile weights
Dependent Variable  :  LSOA2011 A  Number of Observations: 1107
Mean dependent var  :     13.0277  Number of Variables   :    3
S.D. dependent var  :     10.1781  Degrees of Freedom    : 1104
Lag coeff.   (Rho)  :    0.921431

R-squared           :    0.783161  Log likelihood        :    -3438.41
Sq. Correlation     : -            Akaike info criterion :     6882.82
Sigma-square        :      22.463  Schwarz criterion     :     6897.85
S.E of regression   :     4.73951

-----------------------------------------------------------------------------
       Variable       Coefficient     Std.Error       z-value    Probability
-----------------------------------------------------------------------------
      W_LSOA2011 A      0.921431      0.0114519        80.4612     0.00000
          CONSTANT      0.529954       0.409894        1.29291     0.19604
        PLEASEWORK   1.87415e-06    1.11193e-06        1.68549     0.09189
-----------------------------------------------------------------------------

REGRESSION DIAGNOSTICS
DIAGNOSTICS FOR HETEROSKEDASTICITY 
RANDOM COEFFICIENTS
TEST                                     DF      VALUE        PROB
Breusch-Pagan test                       1       359.8508     0.00000

DIAGNOSTICS FOR SPATIAL DEPENDENCE
SPATIAL LAG DEPENDENCE FOR WEIGHT MATRIX : Bonusfile weights
TEST                                     DF      VALUE        PROB
Likelihood Ratio Test                    1      1281.5939     0.00000

  OBS      LSOA2011 A        PREDICTED        RESIDUAL       PRED ERROR
    1           4.6755        14.27270        -1.43902        -9.59722
    2           2.6159        14.21283        -3.18691       -11.59695
    3           2.8147        14.11107        -2.25518       -11.29635
    4           4.4925        14.24735        -0.89482        -9.75482
    5           4.9463        13.78753        -0.60877        -8.84126
    6           4.8039        13.89975        -0.87552        -9.09581
    7           3.3573        13.06264        -1.75781        -9.70539
    8           6.7797        14.27925         1.25877        -7.49950
    9           14.242        11.79100         2.67196         2.45070
   10           6.4747        12.12495        -3.87101        -5.65027
   11           3.8218        12.20681        -1.36207        -8.38506
   12           9.6078        11.57739        -1.57370        -1.96956
   13           5.6252        14.47092        -3.17081        -8.84572
   14           3.6551        12.30936        -1.67830        -8.65424
   15           4.6898        12.44003        -0.82134        -7.75022
   16           8.0451        11.31188        -0.24934        -3.26675
   17           6.2742        11.34724        -2.80591        -5.07300
   18           6.9993        11.35807        -3.18069        -4.35881
   19          0.86423        14.35345        -5.23210       -13.48922
   20           4.5198        14.57927        -0.74890       -10.05946
   21           4.5078        14.44621        -0.43252        -9.93844
   22           3.4931        13.87198        -2.45091       -10.37890
   23           5.5796        14.03606        -0.60746        -8.45646
   24           7.3884         0.98912         6.39933         6.39933
   25           4.5241        14.18732        -2.75450        -9.66319
   26             7.74        12.26934        -1.29390        -4.52932
   27           12.947        12.22832         4.56326         0.71838
   28           8.0691        12.30396         0.50496        -4.23482
   29           4.4812        12.10301        -2.63670        -7.62183
   30           11.731        11.68005         3.85009         0.05105
   31           4.1925        11.76573        -3.52841        -7.57324
   32           12.002        11.86347         2.20559         0.13863
   33           13.127        12.01628         3.32204         1.11052
   34           4.5724        12.10107        -4.40013        -7.52868
   35           13.636        16.32482         1.11855        -2.68872
   36           18.281        15.67365         5.43456         2.60715
   37           5.4967        15.61256        -1.65241       -10.11584
   38           6.4013        15.72043        -4.35028        -9.31908
   39            7.163        16.29295        -3.24076        -9.12998
   40           13.519        16.51900        -2.33491        -3.00030
   41           14.277        16.13543         0.18829        -1.85873
   42           10.941        16.74560        -3.08882        -5.80440
   43           9.0905        14.04700        -1.77525        -4.95655
   44           15.322        14.17362         2.64433         1.14788
   45           18.137        14.75178         3.93554         3.38572
   46            15.47        14.47684         2.74315         0.99286
   47           15.114        15.25429        -0.31121        -0.14059
   48           13.662        15.38563         0.28560        -1.72323
   49           11.277        14.82177        -1.90795        -3.54467
   50           8.9393        14.46934        -1.32519        -5.53006
   51           4.1254        14.44183        -1.68731       -10.31647
   52           9.2043        13.94574         2.30283        -4.74143
   53           7.2449        14.30243        -1.33518        -7.05752
   54           5.5574        14.25457        -2.38919        -8.69718
   55           11.049        14.17989         2.42326        -3.13129
   56           7.9219        14.42953         1.20014        -6.50766
   57           5.5598        14.07807        -1.80097        -8.51827
   58           6.5614        14.05917         1.07040        -7.49778
   59           16.453        14.71730         3.77700         1.73610
   60           5.1773        14.32659        -1.22011        -9.14925
   61           3.9343        14.52631        -4.98777       -10.59199
   62           10.772        14.47419         0.44275        -3.70189
   63           9.3492        15.00244        -1.84658        -5.65322
   64           20.672        14.52208         8.09641         6.15022
   65           3.3297        14.17382        -2.26638       -10.84412
   66           5.2686        14.14874        -1.00929        -8.88010
   67           9.0831        14.24654        -1.12289        -5.16340
   68           6.9311        14.70012        -0.24304        -7.76899
   69            9.836        14.03844        -1.43170        -4.20248
   70            9.254        14.14604         0.66442        -4.89201
   71           6.4086        14.36141         0.25614        -7.95285
   72           10.172        14.18788         2.32254        -4.01588
   73           7.6276        14.33658        -1.88442        -6.70898
   74           16.779        14.05684         6.63572         2.72226
   75           9.0111        14.40740         2.99093        -5.39628
   76           6.6471        14.12369        -1.35894        -7.47655
   77            6.107        14.24206        -2.86954        -8.13510
   78           28.017        12.40577         9.33166        15.61073
   79           23.638        12.14391         8.07264        11.49389
   80           17.764        12.43559         3.71782         5.32801
   81           9.8165        12.43587        -7.53369        -2.61935
   82           11.093        12.38524        -5.93394        -1.29254
   83           6.7759        12.62904        -2.02583        -5.85318
   84           9.8204        12.60957        -1.78696        -2.78918
   85           8.0195        12.64694        -2.40845        -4.62749
   86           15.619        15.61495        -9.16610         0.00375
   87           21.108        17.30300         0.27060         3.80500
   88           22.003        17.51954         4.74043         4.48346
   89           7.9046        17.49666        -9.29444        -9.59204
   90            20.03        16.41231         1.29464         3.61779
   91           4.0874        14.08318        -2.30485        -9.99577
   92           10.104        13.76756         3.48748        -3.66366
   93           5.0229        14.97614        -2.41005        -9.95324
   94           3.8394        13.86120        -2.77485       -10.02179
   95           2.2541        14.07293        -4.25842       -11.81886
   96           6.7017        14.36800        -1.36477        -7.66632
   97            4.891        14.11747        -2.48807        -9.22648
   98           7.2737        14.91604        -2.53351        -7.64238
   99           3.3386        13.81919        -1.74766       -10.48058
  100           2.7147        13.84134        -2.24854       -11.12662
  101           5.7759        13.84323        -2.70779        -8.06737
  102           3.8279        15.74218        -4.39915       -11.91429
  103           8.3261        15.89896        -1.74890        -7.57289
  104           6.8844        15.23653        -1.71042        -8.35217
  105           7.5943        14.93395        -1.54536        -7.33967
  106           4.2541        14.25065        -1.52743        -9.99658
  107           6.3456        14.16399        -1.69530        -7.81835
  108           14.755        16.76733         0.24930        -2.01263
  109           18.691        17.22113         4.22190         1.46967
  110           17.133        16.22176         3.09545         0.91084
  111           13.397        14.83568        -0.53337        -1.43898
  112           9.6074        15.90308        -4.61578        -6.29568
  113           15.071        17.08003        -1.46640        -2.00893
  114           4.4953        12.42319        -2.04822        -7.92785
  115           4.8521        12.59512        -2.97904        -7.74303
  116           6.7984        11.94659        -1.36717        -5.14816
  117           18.995        12.09703         6.47827         6.89827
  118           8.6915        12.22231        -1.06065        -3.53085
  119           13.277        12.47531         1.98783         0.80199
  120           9.7613        12.27026         2.44425        -2.50899
  121           8.8036        12.36622        -1.41099        -3.56260
  122           4.0287        13.06264        -0.88012        -9.03394
  123            4.961        13.45152        -1.83549        -8.49053
  124           3.2017        13.50256        -2.49370       -10.30090
  125           5.2192        13.27417        -1.15453        -8.05492
  126           5.1195        13.73477        -0.47472        -8.61526
  127           6.5007        12.91153        -0.06190        -6.41084
  128           4.6133        13.38644        -0.73122        -8.77313
  129           4.7607        12.82943        -0.53454        -8.06871
  130           4.7133        13.16158        -1.39338        -8.44828
  131           9.8141        12.00569        -0.66543        -2.19155
  132           8.8119        11.36581         2.46302        -2.55392
  133           9.1105        11.30772         1.17624        -2.19720
  134           5.7426        11.23718        -2.38008        -5.49457
  135           9.3519        11.26914         2.50112        -1.91723
  136           4.5961        11.44798        -3.09136        -6.85190
  137           30.148        12.65455         7.02031        17.49345
  138           39.556        12.88965        12.91411        26.66645
  139           17.761        12.77445         2.26922         4.98615
  140           5.1851        12.82687        -3.22146        -7.64180
  141           13.685        13.12502        -4.23201         0.55958
  142           12.109        12.62659        -1.16740        -0.51729
  143           8.7545        13.35842         1.67312        -4.60394
  144           2.9455        12.97788        -8.48898       -10.03238
  145           6.8281        12.71592        -2.08113        -5.88784
  146           7.7443        12.85601        -0.41267        -5.11167
  147           17.984        12.87532        -2.68297         5.10908
  148            12.13        13.14434        -1.38921        -1.01474
  149           10.406        13.48874        -3.14087        -3.08294
  150           9.3272        13.97162        -2.56093        -4.64444
  151           16.733        12.98138         2.59247         3.75162
  152           9.8676        13.14057        -3.46769        -3.27293
  153           17.727        12.99880         0.41470         4.72800
  154           13.601        13.04998         1.09347         0.55052
  155           15.433        16.25777         6.25448        -0.82437
  156           17.547        16.14935         9.09342         1.39815
  157           12.553        16.85515        -1.54972        -4.30215
  158           19.853        16.06787         2.11643         3.78493
  159           31.576        16.18021        12.06235        15.39589
  160           9.4206        15.48526        -3.31650        -6.06469
  161           18.268        15.48345         7.32226         2.78435
  162           6.0486        13.84557         2.45540        -7.79701
  163           4.3798        13.90226         0.72999        -9.52242
  164           9.6685        14.61146        -0.05285        -4.94294
  165            11.42        14.69486         2.38433        -3.27446
  166           11.694        15.29836         3.54095        -3.60466
  167           43.348        15.48980        27.85515        27.85860
  168           4.7075        12.41920        -3.23380        -7.71167
  169           11.428        12.55419         2.74095        -1.12569
  170           8.9258        12.52355         0.56533        -3.59771
  171           4.1539        12.51384        -3.85336        -8.35991
  172           4.6098        12.47941        -2.18949        -7.86956
  173           12.374        12.36172         4.99951         0.01278
  174           9.1922        12.44795        -0.34619        -3.25571
  175           9.1387        13.22211        -0.33413        -4.08339
  176           5.3938        12.85522        -6.15757        -7.46145
  177           11.369        12.78556         2.19488        -1.41676
  178           4.6563        12.64057        -2.10700        -7.98426
  179           6.1367        12.79120        -2.19050        -6.65448
  180           10.854        12.91451         2.65899        -2.06001
  181           9.3271        12.70644        -1.48533        -3.37931
  182           7.1876        13.30917        -1.01366        -6.12158
  183           9.1589        12.72748         2.38312        -3.56861
  184           9.5046        15.56833        -2.38875        -6.06368
  185           14.216        15.90650         1.60241        -1.69030
  186           7.7923        15.60024        -3.69282        -7.80796
  187           11.722        15.73579         0.83937        -4.01349
  188           9.5918        15.68850        -0.65035        -6.09668
  189           19.206        15.37115         4.50752         3.83445
  190           13.463        15.92981        -0.68823        -2.46661
  191           7.2961        14.67761        -5.28378        -7.38152
  192           13.075        14.90329        -0.61804        -1.82869
  193           7.1673        14.70037        -1.57869        -7.53312
  194           12.073        14.70034        -0.21006        -2.62754
  195           19.095        14.77476         6.64765         4.32054
  196           7.3139        14.40001        -4.60949        -7.08608
  197           16.739        15.50487        -1.00237         1.23453
  198           13.757        15.39981        -2.08048        -1.64251
  199           27.821        16.06743        10.46174        11.75357
  200           13.934        15.62204        -5.15573        -1.68764
  201           15.248        15.31158        -1.29310        -0.06388
  202           8.9875        15.79774        -1.44176        -6.81029
  203           10.861        15.80633         0.09532        -4.94563
  204           10.597        15.91615        -0.00488        -5.31915
  205            21.62        16.61153         2.85674         5.00807
  206           7.4307        16.13644        -1.52652        -8.70577
  207           9.9937        15.73389        -0.61234        -5.74020
  208           4.8231        12.46513        -0.41915        -7.64202
  209           4.8568        12.37646        -0.22267        -7.51970
  210           21.917        15.76540         8.64350         6.15130
  211           5.6505        16.02855        -3.82439       -10.37803
  212           21.906        16.37461         7.79144         5.53109
  213           9.0607        15.95924        -4.38504        -6.89855
  214           7.9934        16.09240        -3.40514        -8.09896
  215           7.4892        16.11996        -3.84160        -8.63072
  216           6.6539        16.07370        -2.04560        -9.41980
  217           13.628        15.61973        -1.53678        -1.99203
  218           13.954        15.37375        -0.47495        -1.41985
  219           10.347        15.26605        -2.24816        -4.91885
  220           15.466        16.03605         0.61404        -0.56995
  221           16.778        16.17417        -0.40379         0.60383
  222           13.071        16.29929         0.16982        -3.22829
  223           18.922        16.38729         2.44003         2.53501
  224           8.4914        15.79162        -0.44693        -7.30022
  225           20.206        15.66013         4.54222         4.54567
  226           22.769        16.17285         3.26291         6.59645
  227           6.6911        13.81818        -1.72196        -7.12704
  228           7.7549        13.50332        -1.14350        -5.74842
  229           9.9781        13.52238         0.23636        -3.54432
  230           6.5614        13.68343        -1.62977        -7.12198
  231           6.6148        13.66394        -1.03242        -7.04914
  232           6.9244        12.70558        -1.14033        -5.78120
  233           5.3262        12.80104        -1.98517        -7.47489
  234            8.058        12.98102        -2.44395        -4.92304
  235           17.544        13.15882         4.47268         4.38558
  236           9.3713        14.98019         2.21358        -5.60886
  237           11.861        15.64571        -2.61572        -3.78501
  238             8.09        16.03694        -7.82935        -7.94691
  239           4.1573        14.10108        -3.00850        -9.94377
  240           20.143        16.95472         2.18846         3.18808
  241           36.899        12.82841         8.64290        24.07029
  242           13.318        15.50037         4.15974        -2.18257
  243           7.7676        15.23818        -5.12335        -7.47054
  244           13.308        12.67765        -6.99951         0.63075
  245           40.266        12.75078        13.93859        27.51542
  246           24.944        12.92826        -0.87412        12.01614
  247           30.083        12.81627         3.73334        17.26713
  248           17.256        15.43148         3.77689         1.82502
  249           3.3281        11.75324        -1.54402        -8.42513
  250           5.1295        11.87606        -0.39023        -6.74652
  251           3.9821        11.78054        -2.05953        -7.79840
  252           3.9532        12.17091        -5.82603        -8.21770
  253           3.8174        11.67605        -1.86502        -7.85861
  254           10.171        12.24598        -5.26805        -2.07508
  255           4.6838        11.68308        -1.19671        -6.99930
  256           18.988        17.52328         1.07393         1.46492
  257            2.877        13.66745        -0.75063       -10.79042
  258           3.2038        14.46968        -0.90574       -11.26592
  259           4.1977        13.94203        -0.46609        -9.74432
  260           15.714        16.07357        -2.00391        -0.35937
  261           11.833        16.34950        -1.75407        -4.51640
  262           13.736        15.76277         0.66687        -2.02707
  263           19.398        16.00510        -0.36791         3.39280
  264           15.859        16.57199         0.20292        -0.71289
  265           31.465        16.76604         8.27800        14.69866
  266           25.114        16.66279        -1.42765         8.45141
  267           25.395        16.52833         0.92193         8.86677
  268           29.733        17.00325         4.10947        12.72985
  269           26.675        17.39200         2.58227         9.28280
  270           19.537        16.61193        -0.66243         2.92457
  271           12.348        16.53077        -5.87335        -4.18247
  272           20.289        16.33281         1.17312         3.95589
  273           20.115        16.62307         0.39873         3.49233
  274            24.86        16.25909         7.09598         8.60121
  275           12.958        16.25213         1.06289        -3.29453
  276            2.671        14.97757        -7.87017       -12.30653
  277           5.0382        15.52144        -2.56516       -10.48328
  278           3.5312        15.27880        -2.43723       -11.74760
  279           5.5455        16.41580        -5.42770       -10.87032
  280           6.6047        15.14401         1.40478        -8.53930
  281           7.5668        15.88867        -1.03159        -8.32183
  282           21.031        16.05511         3.31341         4.97559
  283           13.607        16.53456        -1.20817        -2.92766
  284            22.96        17.01031         2.97588         5.95019
  285           18.869        17.21100        -3.16407         1.65780
  286           15.503        16.74987        -1.58708        -1.24697
  287             16.1        15.65849         1.06716         0.44151
  288           11.538        15.47125        -1.82048        -3.93305
  289           4.3983        15.93030        -2.58278       -11.53198
  290           6.3996        16.06119        -2.97163        -9.66156
  291           12.835        15.97951         1.77801        -3.14501
  292           6.2451        15.70992        -2.49080        -9.46480
  293           8.1066        15.33246        -0.63409        -7.22589
  294           8.4743        14.96995        -8.38812        -6.49563
  295           5.6086        13.96682         0.06814        -8.35823
  296           4.5229        16.15300        -6.63494       -11.63015
  297           7.6433        14.46454         0.39140        -6.82128
  298           16.584        14.53765         7.78029         2.04655
  299           17.451        14.56293        10.10054         2.88787
  300            8.799        14.08569        -1.52067        -5.28669
  301           6.3156        13.85400        -3.75310        -7.53841
  302           12.034        14.25708         2.01299        -2.22298
  303           7.0135        14.10170        -5.38927        -7.08822
  304           10.366        13.66804        -5.36602        -3.30194
  305           10.718        14.72259         1.88258        -4.00439
  306           11.614        14.10440        -8.25875        -2.49070
  307           34.632        13.80261        10.12200        20.82979
  308           12.925        15.62816         3.40757        -2.70356
  309           4.7633        15.63868        -1.72923       -10.87534
  310           4.8477        15.87006        -1.99880       -11.02235
  311           4.8733        16.02604        -2.96643       -11.15270
  312           8.6718        15.51662         1.52606        -6.84483
  313           6.3709        15.75400        -0.26454        -9.38309
  314           10.545        15.60285         3.05377        -5.05785
  315           3.2611        16.04167        -2.08745       -12.78062
  316            4.027        16.40433        -1.60247       -12.37733
  317           7.7924        17.33823        -0.68156        -9.54578
  318           6.1719        15.83118         0.05106        -9.65927
  319           9.7145        15.92075        -0.60342        -6.20625
  320           8.4277        15.77903        -1.51703        -7.35134
  321           10.911        15.65332         0.70086        -4.74232
  322           18.144        15.96181         7.29278         2.18209
  323           18.159        15.67622         5.32842         2.48228
  324           16.896        15.53058         1.29863         1.36502
  325            3.484        16.43306        -5.99584       -12.94902
  326           13.846        15.66736        -0.80519        -1.82146
  327             5.63        15.72945        -5.69586       -10.09940
  328           6.3488        14.76393        -1.51577        -8.41512
  329           9.2876        14.56055        -0.29712        -5.27296
  330           4.8111        14.55109        -2.90531        -9.74003
  331           6.3524        14.65183        -1.66359        -8.29946
  332           7.2866        14.64164        -1.57698        -7.35500
  333           9.0884        14.46709        -0.22229        -5.37868
  334           15.036        15.06082        -1.40542        -0.02522
  335           10.694        14.71998        -0.31773        -4.02638
  336           12.171        14.36606        -2.05649        -2.19486
  337           24.439        14.41663         1.84175        10.02217
  338           19.552        14.36505        -2.08178         5.18655
  339           22.349        14.45038         4.18909         7.89912
  340           18.588        14.83812         1.70643         3.74958
  341           17.624        14.53192        -0.91970         3.09168
  342           10.524        14.60970        -2.54563        -4.08620
  343           6.8365        14.90604        -2.36808        -8.06952
  344           6.1177        14.86982        -1.40143        -8.75216
  345           6.0422        14.65440        -1.43749        -8.61222
  346           5.8453        14.81330        -1.49553        -8.96798
  347           7.4411        14.84429         0.38273        -7.40319
  348           6.8892        14.83606        -1.10108        -7.94689
  349           7.8529        14.85743        -0.15591        -7.00454
  350           2.6057        14.68744        -2.45015       -12.08178
  351           4.1469        14.55226        -0.13518       -10.40537
  352           4.5165        14.89086        -2.21694       -10.37438
  353           5.2456        15.01155        -1.84416        -9.76591
  354           6.1275        15.29897        -0.97247        -9.17144
  355           12.489        15.25068         5.77414        -2.76128
  356           3.7173        14.71251        -1.58116       -10.99525
  357           2.9095        14.80583        -2.98941       -11.89633
  358           4.8265        14.93766        -2.10762       -10.11116
  359           6.9007        14.89326         0.42564        -7.99257
  360           8.0844        15.22697         0.39646        -7.14257
  361           4.5202        15.19134        -2.22470       -10.67119
  362           3.5534        14.68104        -1.39887       -11.12761
  363           7.0128        15.32597        -7.86930        -8.31317
  364           12.969        15.33580         0.91869        -2.36680
  365           16.091        15.15851        -0.39661         0.93239
  366           23.609        15.16679         2.94844         8.44241
  367           8.7111        15.28667        -4.61905        -6.57553
  368           15.632        14.84915         3.20991         0.78275
  369            13.33        14.98168        -0.68305        -1.65168
  370           9.7848        14.40400        -1.89462        -4.61925
  371           9.5278        14.57651        -4.30562        -5.04869
  372           19.503        14.89668         2.34107         4.60602
  373           8.7229        14.46028        -7.11276        -5.73740
  374           17.736        14.35554         5.74406         3.38076
  375            19.73        14.72602         1.71373         5.00378
  376           20.076        14.44287         3.13931         5.63323
  377           24.773        14.69299         5.55505        10.08041
  378           3.0852        15.53886        -3.52052       -12.45368
  379            6.178        15.35114        -1.42501        -9.17318
  380           8.1774        14.76647         1.84742        -6.58904
  381           2.8279        15.33502        -3.43716       -12.50713
  382           8.7665        15.07311         2.43305        -6.30662
  383           5.8766        14.80351        -1.68518        -8.92686
  384           6.1109        15.37414         0.34032        -9.26327
  385           5.8403        15.04010         0.27649        -9.19977
  386            3.257        15.24148        -2.17763       -11.98448
  387           4.4253        15.21373        -1.14213       -10.78841
  388           3.7575        15.08549        -3.46779       -11.32796
  389           6.7736        14.98736         0.76379        -8.21376
  390           4.8808        15.16534        -2.17418       -10.28454
  391           3.6348        15.39057        -1.32027       -11.75580
  392           10.313        14.93060        -1.35316        -4.61760
  393           18.788        14.94033         2.59694         3.84807
  394           15.195        14.81321         0.83939         0.38179
  395           14.757        15.01911         2.46924        -0.26181
  396           1.0872        15.49958        -7.15828       -14.41242
  397           14.321        15.05092        -0.04144        -0.73032
  398           28.861        14.91535         7.18065        13.94595
  399           4.3638        14.22640        -1.36646        -9.86262
  400           2.5909        14.18873        -3.30391       -11.59782
  401           5.8922        14.46726         0.46623        -8.57501
  402            6.751        14.57868        -2.83929        -7.82769
  403           3.6788        14.66120        -2.90882       -10.98240
  404           5.8679        14.65822        -0.82610        -8.79034
  405           5.1741        14.54226        -3.13233        -9.36818
  406            19.42        15.17600         1.09552         4.24410
  407           27.692        14.94917         5.13162        12.74273
  408           9.3431        14.83218        -0.90326        -5.48904
  409           13.096        15.20438         0.34915        -2.10878
  410           22.062        15.24051         2.67381         6.82189
  411            11.52        15.17171        -2.20498        -3.65201
  412           32.454        15.08351         7.40063        17.37049
  413            19.37        15.48251        -1.07738         3.88769
  414           5.4172        14.78021        -0.40170        -9.36297
  415           7.9471        14.67274         1.93614        -6.72564
  416           4.4987        14.80584        -1.40986       -10.30716
  417           3.9269        14.72372        -3.43859       -10.79678
  418           7.4391        14.58259        -0.31094        -7.14349
  419           7.8256        14.54419         0.26181        -6.71856
  420           7.7111        14.56233         0.72253        -6.85123
  421            20.79        14.85921         3.28326         5.93049
  422           11.178        14.57576        -1.08505        -3.39826
  423           4.3118        14.97362        -2.27372       -10.66186
  424           13.078        14.31838         1.62527        -1.23998
  425           8.5424        14.46699        -0.40984        -5.92459
  426           9.5604        14.60758         2.67048        -5.04714
  427           8.4169        14.51367        -0.65408        -6.09676
  428           4.9731        14.54508        -1.37201        -9.57199
  429            4.587        14.04659        -2.69426        -9.45956
  430           5.3413        14.28133        -4.23047        -8.94000
  431           15.168        14.36301        -3.68006         0.80529
  432            9.693        14.54173        -3.00059        -4.84870
  433           3.7311        14.28688        -4.95727       -10.55575
  434           11.719        14.24947         1.89934        -2.53077
  435           17.981        15.11627        -0.26627         2.86483
  436           22.096        15.07233         5.63226         7.02397
  437           23.298        15.35764         7.69553         7.94056
  438           20.655        14.83192         2.89543         5.82328
  439           25.913        14.95549         6.47851        10.95791
  440             22.3        15.39274         4.88663         6.90776
  441           14.769        15.38798        -1.10282        -0.61888
  442           31.532        14.83067         8.03159        16.70163
  443           17.667        14.83375         5.57320         2.83365
  444           16.658        14.91432        -2.64056         1.74358
  445           12.591        15.06282         2.71465        -2.47132
  446           16.185        14.94151        -2.39496         1.24389
  447           4.2772        14.94925        -4.56228       -10.67206
  448           4.7271        14.75247        -7.98344       -10.02539
  449           2.7654        14.09836        -2.76899       -11.33294
  450           3.8228        14.47880        -2.71841       -10.65600
  451           8.9818        14.25330         2.85132        -5.27149
  452           3.3481        13.80688        -1.97572       -10.45880
  453           7.4855        14.06119         0.77886        -6.57568
  454           8.8133        14.32403         2.29985        -5.51078
  455            2.382        13.90567        -3.65855       -11.52368
  456           8.1019        14.92515        -1.53875        -6.82330
  457           9.8802        14.92884        -0.54378        -5.04860
  458           5.3398        14.83231        -1.98451        -9.49248
  459           11.849        15.03238         2.32948        -3.18368
  460           14.399        14.88615         3.69213        -0.48665
  461           12.752        15.18470        -3.20685        -2.43270
  462           6.2709        14.78918        -1.26680        -8.51832
  463            10.48        15.33917        -0.77180        -4.85887
  464             14.7        15.58176         2.30129        -0.88126
  465           10.385        15.58142        -4.95603        -5.19662
  466            14.88        15.18675         2.87683        -0.30625
  467           4.4902        15.68592        -4.40772       -11.19575
  468           7.5752        15.10237         0.09678        -7.52718
  469           11.076        15.12508         1.21827        -4.04918
  470           9.5126        15.28054         0.59709        -5.76792
  471           1.5081        14.46328        -2.70189       -12.95522
  472           15.782        14.39413         2.90514         1.38747
  473           40.534        14.32963        20.74473        26.20467
  474           6.7869        15.18751        -1.81309        -8.40058
  475           26.333        16.64254         4.43075         9.69086
  476           12.457        15.50262         1.56763        -3.04572
  477            7.033        15.02383        -1.20040        -7.99079
  478           14.171        16.80094        -7.09766        -2.63024
  479           7.3906        12.06662        -5.61505        -4.67603
  480           31.917        12.32628        10.64234        19.59042
  481           16.231        12.22256         1.58981         4.00884
  482           13.145        11.77574         3.75988         1.36916
  483             7.46        11.89758        -1.53090        -4.43757
  484           8.2028        11.96772         2.08956        -3.76491
  485           4.5869        12.65019        -3.15488        -8.06333
  486            6.753        12.33770        -0.75734        -5.58468
  487           4.8654        12.64548        -2.34709        -7.78009
  488           6.3986        12.44605         0.01142        -6.04746
  489           7.0149        12.68985         1.38836        -5.67494
  490           7.4355        12.30945         0.56148        -4.87394
  491           5.7512        12.34473        -0.67099        -6.59352
  492           3.8584        12.84077        -0.11572        -8.98233
  493           3.0149        12.87319        -0.68385        -9.85830
  494           2.5171        12.96103        -2.03256       -10.44393
  495            4.821        12.74009         0.80173        -7.91908
  496           4.0769        12.65006        -1.00959        -8.57313
  497           6.6856        12.73846        -1.33334        -6.05286
  498           4.7284        12.00685        -1.43167        -7.27847
  499           7.4282        12.05873         1.31298        -4.63051
  500           5.8299        12.01115        -0.51285        -6.18122
  501           3.4836        12.88768        -3.32092        -9.40405
  502           5.8107        13.18818        -1.72649        -7.37747
  503           16.953        12.61998        -1.88662         4.33292
  504           8.9103        13.06544         1.55600        -4.15515
  505           9.0879        12.99787         0.41100        -3.90993
  506           8.5049        12.60601        -1.81575        -4.10106
  507           3.4708        12.31915        -2.94133        -8.84835
  508            3.681        12.37843        -1.99600        -8.69741
  509           5.2242        12.14610        -1.56326        -6.92187
  510             9.07        12.04548         1.74437        -2.97550
  511           5.9227        12.11693        -0.70199        -6.19426
  512           7.4865        12.10347         0.30753        -4.61693
  513           6.9095        12.05627         0.38896        -5.14680
  514           5.8748        11.98214        -1.61958        -6.10738
  515           5.8879        12.01609        -1.35650        -6.12818
  516           4.9585        12.00468        -1.75603        -7.04618
  517           4.9428        12.06178        -1.50107        -7.11893
  518           7.3862        12.15689         0.12913        -4.77070
  519           14.571        12.35969         4.55266         2.21091
  520           11.056        12.36880         1.64877        -1.31250
  521            9.591        12.24368         0.91942        -2.65264
  522           4.9151        12.12595        -2.28613        -7.21084
  523           8.7013        12.09178         2.72242        -3.39052
  524           5.7834        12.14917        -1.91700        -6.36581
  525           4.3092        12.21862        -3.45074        -7.90939
  526           5.2047        12.44878        -0.76005        -7.24410
  527           5.3149        12.27988        -0.71674        -6.96495
  528           9.7142        12.38649         1.29834        -2.67228
  529           14.538        12.60588         4.35870         1.93182
  530           5.9746        12.11635         0.01190        -6.14171
  531           2.2615        12.19894        -4.26806        -9.93740
  532          0.79461        12.93393        -2.01276       -12.13932
  533            2.627        12.92049        -0.72344       -10.29353
  534           1.5723        12.68906        -2.78677       -11.11677
  535           5.5635        12.89596         1.99005        -7.33250
  536           3.1784        12.57711        -5.33877        -9.39876
  537           17.973        12.77575         4.94891         5.19745
  538           11.742        12.72359         0.27725        -0.98109
  539           12.302        12.93635         1.29589        -0.63445
  540           12.527        14.26931         1.17893        -1.74261
  541           7.6975        14.48038        -2.48772        -6.78286
  542           9.0668        13.43037        -1.40175        -4.36354
  543           5.3028        13.19003        -4.17289        -7.88723
  544           10.482        13.51300        -2.46080        -3.03130
  545           14.649        14.18270         2.53198         0.46630
  546           17.338        13.59205         4.66690         3.74565
  547           12.866        13.62179         1.57315        -0.75549
  548           14.486        13.18485         3.48610         1.30125
  549           24.755        13.73116         0.94550        11.02414
  550            8.614        13.12947        -1.61744        -4.51549
  551           10.298        13.23425        -0.73054        -2.93615
  552           10.176        12.96706        -0.29348        -2.79146
  553           12.387        13.56191        -0.86551        -1.17521
  554           13.386        13.19263         0.95362         0.19377
  555           10.324        13.15905        -1.01910        -2.83485
  556           4.2796        12.80955        -3.62718        -8.52991
  557           12.832        12.73001         3.08627         0.10179
  558           5.5085        12.33351        -3.55659        -6.82498
  559            3.569        13.47663        -6.66328        -9.90761
  560           9.4161        12.99243         1.96832        -3.57631
  561           1.1773        12.39523        -3.76393       -11.21797
  562           8.3893        12.94164         0.81432        -4.55231
  563           4.4175        12.62415        -2.67331        -8.20666
  564           5.2486        12.78099        -0.88276        -7.53238
  565            7.221        14.06544        -5.19092        -6.84449
  566           13.662        13.22691         3.03888         0.43519
  567           12.698        13.34908         1.44295        -0.65138
  568           14.658        13.23166         2.31050         1.42614
  569           10.801        13.13234        -0.09917        -2.33144
  570           10.373        12.94964        -2.03105        -2.57704
  571           13.101        13.86419         4.53688        -0.76339
  572            17.74        13.47225         7.15280         4.26795
  573           2.2466        12.51768        -6.75913       -10.27110
  574           7.8228        14.66909        -0.28514        -6.84630
  575           5.3525        13.98411        -2.07092        -8.63164
  576          0.89155        13.37314        -4.31036       -12.48159
  577            6.081        13.70962        -1.25862        -7.62858
  578           5.4165        13.89550        -1.16660        -8.47904
  579            5.963        14.28138        -1.82843        -8.31840
  580           6.9491        14.32349        -2.92892        -7.37435
  581           11.253        13.87260         3.20599        -2.61960
  582           13.348        14.91433         2.99724        -1.56683
  583           12.775        14.58096         1.88650        -1.80636
  584           5.1164        14.98417        -1.75726        -9.86775
  585           3.4386        15.20502        -3.09086       -11.76639
  586            6.182        14.49120        -2.71394        -8.30920
  587           10.809        15.18284         1.62816        -4.37434
  588           7.6987        14.99903        -0.79305        -7.30033
  589           13.671        14.66436         3.31133        -0.99306
  590           9.1383        15.78591         1.46942        -6.64757
  591           11.136        16.39895         2.90886        -5.26255
  592           3.1146        15.49260        -1.77276       -12.37797
  593           2.7393        15.05413        -0.61589       -12.31479
  594           8.5563        15.85616         2.04553        -7.29988
  595           2.6996        15.39265        -2.91724       -12.69302
  596           2.5003        16.23061        -5.49561       -13.73031
  597           10.565        12.79196         2.80192        -2.22666
  598            14.38        12.66212         5.05529         1.71818
  599           5.4883        13.05646         1.55380        -7.56811
  600           1.5368        12.98382        -3.76985       -11.44707
  601           3.6243        12.88679        -2.45020        -9.26250
  602           4.4733        12.70555        -3.99082        -8.23228
  603           11.503        15.32268         3.41528        -3.81958
  604           10.177        15.28431         0.58319        -5.10781
  605            5.019        15.73908        -1.08713       -10.72007
  606           3.1956        15.10021        -1.03727       -11.90457
  607           3.1189        15.15928        -1.15220       -12.04039
  608           2.5531        15.19438        -1.94908       -12.64124
  609           4.1642        15.10920        -2.18673       -10.94499
  610           2.9415        15.31085        -6.44278       -12.36930
  611           3.9417        12.92593        -2.76688        -8.98427
  612           3.7184        12.79927        -1.90552        -9.08084
  613           5.9654        12.69591        -4.53721        -6.73047
  614           10.441        12.85343         0.94270        -2.41223
  615           8.5236        12.61877        -7.63648        -4.09516
  616           29.503        12.57465        13.74902        16.92795
  617           12.486        14.33569        -0.89532        -1.84939
  618           2.0605        14.32742        -6.01842       -12.26694
  619           17.252        14.40445         3.92728         2.84745
  620           5.2193        15.10286        -3.16704        -9.88355
  621           11.076        14.63654         0.99896        -3.56014
  622           10.636        13.89203        -0.50869        -3.25553
  623           12.775        14.95584         0.97468        -2.18064
  624           10.852        15.30762         3.31157        -4.45512
  625           5.6394        14.14202        -2.17389        -8.50262
  626           5.7749        13.68058        -1.52810        -7.90568
  627           8.8108        14.25123         1.04600        -5.44046
  628           14.165        14.53484         5.57527        -0.36954
  629           7.6979        13.72131         0.74046        -6.02341
  630           1.6723        14.66364        -4.47820       -12.99137
  631           10.833        13.85134         3.40233        -3.01824
  632           10.451        14.56421         1.37445        -4.11301
  633           3.8223        14.60661        -2.52175       -10.78431
  634           3.2651        15.04520        -0.81047       -11.78012
  635            2.568        14.93692        -1.29430       -12.36889
  636           3.2221        14.88379        -1.59290       -11.66167
  637           3.5944        15.14352        -0.47812       -11.54911
  638           7.5621        14.78927         0.01339        -7.22716
  639            3.417        14.78002        -1.34940       -11.36299
  640           10.812        13.67298         1.97893        -2.86128
  641           13.183        13.36622         3.01177        -0.18312
  642           11.374        13.59548         1.19675        -2.22148
  643           7.2221        13.38208        -0.58461        -6.16002
  644           12.676        12.82024         3.26383        -0.14464
  645             9.41        13.27061        -0.42764        -3.86064
  646           4.5279        13.21049        -0.53249        -8.68259
  647           9.1972        13.36893         2.96725        -4.17176
  648            4.716        13.00119         0.85464        -8.28515
  649           4.8904        13.04208         0.33273        -8.15172
  650           4.5058        13.21812        -1.25525        -8.71230
  651           5.8686        13.32255        -1.10061        -7.45399
  652           1.2993        12.98581        -2.89277       -11.68653
  653           4.5183        13.19127        -1.82263        -8.67299
  654           25.695        12.54312        10.31658        13.15148
  655           14.629        12.47091         1.54994         2.15799
  656           6.6337        12.65649        -7.13377        -6.02284
  657           5.1061        12.63894        -3.09617        -7.53284
  658           2.8888        12.16600        -5.88535        -9.27722
  659           6.6151        12.44903        -4.42561        -5.83388
  660           11.564        12.40896         3.20427        -0.84456
  661           5.1731        12.52337        -7.14594        -7.35026
  662           11.922        12.30062         1.49853        -0.37902
  663           4.9862        13.75573        -3.98229        -8.76955
  664           5.9321        13.29055        -0.54069        -7.35841
  665           4.7096        13.04750        -1.63658        -8.33788
  666           4.8637        13.43451        -2.78850        -8.57077
  667           7.3452        13.18186         0.71556        -5.83663
  668           9.4361        13.43687         0.08900        -4.00079
  669           5.9263        13.10252        -1.50894        -7.17626
  670           3.2311        17.66680        -3.95193       -14.43569
  671           6.6619        17.46887        -0.90755       -10.80702
  672           10.933        16.11106         2.91843        -5.17846
  673           4.7592        13.55074        -2.16886        -8.79152
  674           10.358        14.31124         0.62313        -3.95364
  675           11.479        13.67275         3.28222        -2.19385
  676           7.7764        13.57085        -0.26622        -5.79446
  677            10.07        14.00944         1.11137        -3.93974
  678           6.8104        13.69453        -2.25619        -6.88411
  679           8.0251        13.36724        -1.25579        -5.34217
  680            6.232        13.32265        -6.10423        -7.09065
  681           7.2691        16.50023        -0.96156        -9.23110
  682           5.0454        15.50138        -1.25291       -10.45593
  683           3.2343        15.19916        -2.09457       -11.96483
  684            3.649        15.58096        -3.59865       -11.93193
  685           2.3017        15.35265        -2.58367       -13.05098
  686           7.1302        15.78505        -0.38526        -8.65483
  687           9.5274        15.41820         0.63943        -5.89079
  688           7.7392        13.44884        -1.69210        -5.70962
  689           10.843        13.42595         0.39407        -2.58285
  690           9.0598        13.26870         0.12018        -4.20891
  691            12.82        13.37364         2.59468        -0.55314
  692           5.4316        13.18912        -0.60374        -7.75751
  693           7.4961        13.37451        -1.10101        -5.87837
  694           4.9297        13.50686        -2.97802        -8.57717
  695           10.761        13.08259         1.68615        -2.32119
  696           21.473        13.47822         3.95875         7.99478
  697           19.546        13.10833         2.60077         6.43737
  698           31.033        12.93185        10.99403        18.10115
  699           6.9153        13.82710        -3.77208        -6.91185
  700           10.184        13.27747        -2.31862        -3.09367
  701           4.3111        14.17637        -6.29080        -9.86530
  702           8.0269        13.80127        -4.04560        -5.77441
  703           18.528        13.54214         3.16529         4.98616
  704          0.79217        14.77541        -5.46094       -13.98324
  705           4.3121        14.83684        -3.79720       -10.52472
  706           3.6226        15.20507        -0.78216       -11.58250
  707           4.3191        16.38204        -5.20339       -12.06292
  708            4.093        16.37076        -3.76300       -12.27771
  709           9.2572        16.46031        -2.35069        -7.20312
  710           9.2659        12.62794         0.49982        -3.36207
  711           9.0732        12.60150        -2.04989        -3.52830
  712           20.396        12.80866         4.24163         7.58784
  713           3.9376        12.76968        -0.96857        -8.83211
  714           10.717        13.16496         0.68384        -2.44766
  715            3.825        12.89826        -1.61201        -9.07330
  716           85.889        18.09290        35.91475        67.79640
  717           19.905        16.09576        -0.45180         3.80974
  718           28.999        17.17665         3.78237        11.82245
  719           22.053        16.49674         0.84710         5.55656
  720           25.559        19.05507         2.93778         6.50403
  721           27.384        18.40499        -0.63982         8.97921
  722            20.73        19.18761        -0.18682         1.54279
  723           19.171        18.79355         1.83942         0.37735
  724           17.396        18.64595        -1.94047        -1.25035
  725           30.451        19.44800         4.14037        11.00310
  726           30.379        17.65140         1.38705        12.72780
  727           24.948        18.48247         0.44863         6.46523
  728           17.667        18.63468         0.65701        -0.96728
  729           18.307        18.43700        -0.55846        -0.12970
  730           17.669        17.73161         0.15566        -0.06231
  731           11.001        17.36911        -6.88352        -6.36771
  732           20.687        18.43992         0.93592         2.24718
  733           25.675        18.54056         3.20252         7.13464
  734            13.08        18.25453        -3.03369        -5.17443
  735           12.344        19.41777        -8.67931        -7.07337
  736            14.52        19.81752        -3.73594        -5.29802
  737           12.546        18.31771        -2.48624        -5.77131
  738           11.286        17.60941        -3.91595        -6.32391
  739           7.1474        17.21151        -4.84905       -10.06415
  740           19.051        17.44090         1.50179         1.60980
  741           22.484        16.64230         1.06345         5.84210
  742           27.089        17.51187         4.78150         9.57683
  743           17.015        17.01029        -0.24872         0.00491
  744           7.2114        16.74887        -4.21210        -9.53743
  745           19.827        17.69266        -0.09127         2.13404
  746           11.982        17.31611        -2.41235        -5.33381
  747           15.399        16.42869        -1.08989        -1.03019
  748           11.178        15.95719        -0.68719        -4.77879
  749           14.646        15.96102         1.14922        -1.31512
  750           10.511        15.20572        -4.82151        -4.69422
  751           15.399        15.84265        -0.45800        -0.44355
  752           19.671        13.04530         4.93688         6.62570
  753           11.224        13.40465        -6.17367        -2.18035
  754           8.7361        12.93807        -6.36194        -4.20200
  755           12.173        13.23183        -3.55119        -1.05863
  756           24.542        13.15168         8.31760        11.39072
  757           7.9103        13.60925        -6.40842        -5.69891
  758           59.165        13.78832        27.63293        45.37698
  759            25.25        13.79673        -3.71837        11.45357
  760           40.515        13.74184        12.13560        26.77316
  761           23.017        13.15878         5.22024         9.85822
  762           23.705        13.18304         3.93167        10.52236
  763            22.14        13.15449         1.91228         8.98501
  764           19.485        13.37282        -3.43095         6.11198
  765           6.7222        13.38047        -5.27256        -6.65830
  766            18.25        13.39736        -1.15309         4.85274
  767           29.893        16.95828         7.73348        12.93512
  768           33.554        16.58135         4.58960        16.97305
  769           32.206        16.68043         2.33426        15.52527
  770           26.553        16.95000        -0.43443         9.60260
  771            19.28        16.68150         0.67573         2.59850
  772           21.444        17.12833         0.57619         4.31607
  773           34.526        16.77324         5.52816        17.75236
  774           21.085        17.14932        -0.54850         3.93558
  775           28.123        16.91466        -1.07280        11.20834
  776           38.958        16.25339         5.53532        22.70431
  777           25.675        16.13285         0.43765         9.54175
  778           35.635        16.29671         3.91187        19.33819
  779           40.541        16.01738         6.21484        24.52312
  780           32.352        16.70046         0.83900        15.65104
  781           38.785        16.34061         4.68529        22.44409
  782           6.9833        15.82850        -2.67929        -8.84523
  783           5.9221        15.79825        -3.52493        -9.87613
  784           8.3093        15.00974        -5.47952        -6.70043
  785           20.792        14.60273         2.81046         6.18967
  786           10.404        15.44535        -5.10653        -5.04155
  787           17.148        16.40915        -0.24951         0.73885
  788           29.335        15.50461         6.87482        13.83079
  789           27.552        16.35210        11.68134        11.19980
  790           29.303        14.74749         9.43316        14.55531
  791           32.042        16.40616         7.30368        15.63554
  792           6.2847        16.17790        -3.59062        -9.89325
  793           7.2508        16.62848        -7.06538        -9.37766
  794           25.726        14.11254         9.02995        11.61346
  795           21.991        14.11161         2.78931         7.87939
  796             18.5        14.35232        -1.76908         4.14778
  797           17.754        14.05134         3.12015         3.70226
  798           16.991        14.35798         1.84889         2.63292
  799           8.6288        14.60087        -6.95675        -5.97207
  800           8.7005        14.72066        -5.23024        -6.02014
  801           10.259        14.63371        -2.87756        -4.37421
  802           13.895        14.11221         2.09851        -0.21721
  803           8.3766        14.93265        -4.15511        -6.55602
  804           23.524        15.90467         5.07185         7.61943
  805           20.174        16.40874        -1.39498         3.76476
  806            18.48        16.74548        -4.56983         1.73472
  807           31.996        16.26129         3.84262        15.73451
  808           21.783        16.32252         3.46105         5.46088
  809           28.593        16.04162         5.30887        12.55138
  810           16.973        16.12624        -6.23752         0.84686
  811           19.864        16.08641        -6.64617         3.77729
  812           23.074        15.88570         1.63568         7.18870
  813           22.372        17.12195        -2.92691         5.24955
  814           21.328        14.73515         2.06724         6.59315
  815           24.213        14.94564        -2.55857         9.26766
  816           31.724        15.36510         6.57438        16.35930
  817           23.271        15.50215         1.50413         7.76915
  818           14.965        14.77612        -0.10156         0.18868
  819           10.452        14.66372        -1.27245        -4.21202
  820           12.758        15.31331        -3.87232        -2.55521
  821           17.323        16.05942        -3.85612         1.26358
  822           18.544        15.89215        -2.46391         2.65145
  823           18.341        15.76060        -1.96709         2.58010
  824           25.172        16.55642         4.68842         8.61518
  825           22.671        16.04270        -1.25912         6.62850
  826           24.271        16.07750         4.17504         8.19400
  827            19.89        16.69596        -2.48748         3.19454
  828           22.424        16.10987        -1.31865         6.31373
  829           14.101        18.53042        -4.10203        -4.42952
  830           11.657        18.28041        -9.14813        -6.62321
  831           22.528        18.78525       -25.56907         3.74265
  832           28.048        17.51502        -3.00833        10.53258
  833           19.119        16.51320        -7.03062         2.60590
  834           18.807        17.69143        -0.76599         1.11517
  835           18.196        17.85191        -2.35363         0.34369
  836           27.741        15.97845         2.49555        11.76305
  837           26.027        15.81471         2.50681        10.21269
  838           27.034        16.64955         4.30536        10.38425
  839           32.697        16.06571         8.08569        16.63169
  840           21.228        16.58871        -3.24372         4.63939
  841           26.515        16.20337        -0.23616        10.31213
  842           24.822        16.13530         1.97134         8.68640
  843           46.855        18.37639        -1.02984        28.47901
  844           76.633        19.06386         8.71589        57.56914
  845           17.999        17.97517       -15.87161         0.02363
  846           38.811        17.37458        -1.96779        21.43682
  847           91.222        18.00426        35.76650        73.21724
  848           25.885        18.38868         3.39957         7.49642
  849           15.061        18.14980        -7.94372        -3.08890
  850           23.714        17.44769        -0.31107         6.26611
  851           15.032        18.40236        -5.98200        -3.37066
  852           26.864        18.79033        -1.39839         8.07377
  853           40.085        19.33860         1.56130        20.74610
  854           26.387        18.50926       -10.37023         7.87824
  855           17.297        17.73587        -3.22809        -0.43917
  856           27.424        16.81983        -2.02489        10.60387
  857             31.5        16.64817         0.53949        14.85203
  858           35.309        16.22934         6.31716        19.07956
  859           31.395        16.03043         4.91682        15.36507
  860           22.296        15.94078        -2.61028         6.35532
  861           41.327        17.40996         5.43789        23.91714
  862           29.318        16.02494         1.31460        13.29326
  863           111.48        19.69983        57.90890        91.77917
  864           9.9809        14.49513        -6.05823        -4.51421
  865           12.334        14.77927        -4.44642        -2.44527
  866           33.561        17.56962        -1.81768        15.99178
  867           45.658        17.71877        -1.48030        27.93913
  868           19.242        16.60116        -3.49206         2.64074
  869           24.018        16.43065         2.55922         7.58725
  870            16.36        15.03143        -1.28808         1.32857
  871           5.9742        16.49329       -11.93249       -10.51906
  872           15.928        16.38793        -1.16841        -0.46013
  873            35.37        16.24392         5.68868        19.12588
  874           13.681        14.26954        -4.28401        -0.58894
  875           9.4549        14.23263        -3.52697        -4.77776
  876            15.06        13.74570        -6.31362         1.31410
  877           17.256        19.08797        -2.95398        -1.83187
  878            33.74        18.99875         6.67691        14.74135
  879            24.15        17.93270         3.49133         6.21760
  880           37.729        19.36153         3.53796        18.36737
  881            21.86        19.41303        -0.20858         2.44737
  882           68.908        19.94438        14.50705        48.96322
  883           21.779        17.46946         3.35994         4.30934
  884           22.294        16.67208         0.95351         5.62242
  885           34.168        17.23413        10.06201        16.93357
  886           38.121        17.26463        10.37528        20.85647
  887           13.307        17.41314        -9.51667        -4.10644
  888           45.367        18.31685        10.49396        27.05005
  889           13.178        17.55226        -0.14065        -4.37476
  890           26.027        18.43868        -0.38907         7.58882
  891           20.177        16.52195         2.78819         3.65535
  892           22.222        16.58379         1.72790         5.63851
  893           16.469        16.46662        -2.25407         0.00248
  894           20.035        16.14501         0.18881         3.89049
  895           9.2452        17.92267        -6.88347        -8.67746
  896           9.1491        18.27996        -3.33320        -9.13085
  897           13.532        17.99651        -0.89946        -4.46451
  898           15.385        17.94841         0.89235        -2.56331
  899           19.057        17.56754         1.38069         1.48926
  900            12.12        18.40825        -3.15527        -6.28855
  901           8.9187        18.03410        -2.53912        -9.11537
  902            16.42        17.33734        -2.87786        -0.91734
  903           14.834        16.78572        -6.20580        -1.95222
  904           24.584        17.94312         1.57459         6.64088
  905           30.799        18.26590         4.41611        12.53280
  906           22.086        20.69810        -1.21610         1.38790
  907           13.447        19.74762        -4.72584        -6.30032
  908           13.246        19.07645        -5.14095        -5.83025
  909           36.857        16.97314         8.74711        19.88356
  910           31.584        17.61732         3.59972        13.96628
  911           23.887        16.97857         3.11006         6.90843
  912           26.956        19.77638        -0.88112         7.17942
  913             37.2        20.46998        -6.93750        16.73042
  914           17.397        18.99646        -2.38491        -1.59906
  915           12.907        20.52473        -6.08143        -7.61763
  916           24.393        19.19460         3.00195         5.19880
  917           22.559        19.04603        -5.35692         3.51267
  918           14.405        16.40188        -1.33453        -1.99648
  919           20.246        16.33552         0.87602         3.91088
  920           8.1337        17.00621        -2.30380        -8.87254
  921           8.9006        16.65958        -3.53605        -7.75901
  922           6.0565        17.45369        -6.69211       -11.39718
  923           6.7497        16.63112        -6.57670        -9.88143
  924           19.545        17.12705         3.78142         2.41825
  925           8.5179        17.54270        -2.86954        -9.02483
  926           13.701        15.77689        -2.87883        -2.07569
  927           22.721        16.20350         4.23060         6.51740
  928           21.249        15.79392         2.99703         5.45548
  929           12.813        15.84508        -1.42741        -3.03168
  930           10.548        16.23807        -4.68554        -5.69027
  931           27.391        16.20626         5.35266        11.18464
  932           22.427        15.82560         5.79144         6.60130
  933           15.559        16.05080         0.15368        -0.49160
  934           19.994        17.83929         0.56667         2.15481
  935           19.419        17.57747         2.03654         1.84193
  936            26.11        17.18751         5.30694         8.92259
  937           22.001        17.41882         2.29887         4.58178
  938           15.773        17.32281        -1.67897        -1.54961
  939           17.163        17.78468         0.79208        -0.62198
  940           19.463        17.83342         2.01382         1.62928
  941           14.418        15.40598         4.19107        -0.98848
  942           28.729        16.77015         4.21588        11.95915
  943           22.521        15.76855         5.19582         6.75295
  944           24.752        16.18457         3.01259         8.56733
  945           11.813        15.99911        -5.08675        -4.18571
  946           19.242        16.49364        -7.55782         2.74806
  947           38.111        19.95150         5.77155        18.15990
  948           69.057        20.36768        18.42284        48.68892
  949           30.694        19.85077         5.28741        10.84323
  950            26.29        20.59254         3.87605         5.69766
  951           11.417        17.45272        -2.00508        -6.03612
  952           23.805        19.52844        -8.63851         4.27706
  953            39.48        19.03542         8.49210        20.44488
  954           41.185        18.20419        -1.94374        22.98101
  955            27.82        19.39311        -1.71221         8.42639
  956           27.281        18.35988         0.03943         8.92112
  957           18.194        18.10707         3.32486         0.08703
  958           21.428        17.86866         1.84993         3.55974
  959           16.149        20.98425         1.65428        -4.83545
  960           13.452        20.66337        -2.12647        -7.21137
  961           17.254        21.35668         2.72958        -4.10238
  962           25.179         1.87466        23.30444        23.30444
  963           29.919        18.64602         1.35125        11.27308
  964           21.179        16.19199         5.90608         4.98741
  965           30.738        19.16424         5.91341        11.57396
  966           36.001        19.57699         5.89108        16.42421
  967           22.456        12.43591         4.71580        10.01989
  968           33.302        11.98858         9.22793        21.31372
  969           38.364        12.11395        15.16093        26.25015
  970           32.286        11.87779        15.57233        20.40821
  971           9.0081        12.22638         0.48642        -3.21826
  972           7.2678        12.11041        -0.77635        -4.84259
  973           8.7118        12.16833        -9.43910        -3.45653
  974           8.1374        11.81314        -4.20814        -3.67572
  975           7.7356        11.85770        -1.86364        -4.12209
  976           23.446        11.96006        10.44412        11.48594
  977           13.439        11.74836        -3.25609         1.69084
  978           7.9124        11.97313        -1.40227        -4.06074
  979           2.5016        11.76274        -3.28250        -9.26115
  980           4.7695        11.88403        -1.17494        -7.11452
  981           3.3473        12.52286        -2.78174        -9.17552
  982           6.3918        12.35509        -0.51779        -5.96334
  983            13.03        12.29709        -2.90174         0.73281
  984           19.628        12.27945         3.60764         7.34825
  985           13.603        12.59839        -2.12719         1.00451
  986           20.188        12.43988         4.55412         7.74832
  987           15.425        12.54143         1.92723         2.88387
  988           13.925        12.37804        -0.63174         1.54736
  989           9.8231        12.55784        -0.37397        -2.73473
  990           6.4052        12.52983        -3.46382        -6.12466
  991           16.096        12.79481         1.90116         3.30079
  992           11.626        12.90351        -2.46407        -1.27741
  993           20.878        13.07818         6.33877         7.80022
  994           16.361        12.73128         3.57087         3.63012
  995           11.003        12.74668        -2.27156        -1.74348
  996           12.949        12.63476         0.77251         0.31404
  997           9.8226        12.74183         0.67024        -2.91921
  998           4.5448        12.72191        -2.50509        -8.17710
  999           8.2217        12.80667        -0.16957        -4.58496
 1000           23.283        12.77948         6.19480        10.50322
 1001           25.643        12.57614         9.07690        13.06726
 1002           16.059        12.67041        -3.85274         3.38879
 1003           17.857        12.38142         4.29653         5.47518
 1004           14.613        12.58995        -2.08367         2.02335
 1005           18.346        12.50342         0.96321         5.84218
 1006           18.649        12.38068         4.24383         6.26802
 1007              8.4        12.47753        -3.79734        -4.07754
 1008           19.065        12.75295         3.79188         6.31215
 1009           21.708        12.81032         5.38746         8.89758
 1010           14.754        12.78073        -0.39286         1.97327
 1011           3.3945        12.21285        -3.53274        -8.81835
 1012           4.9005        12.35429        -1.73122        -7.45376
 1013           7.3667        12.46036         0.39275        -5.09361
 1014           6.4913        12.31142         0.32928        -5.82008
 1015           2.6987        12.55034        -4.41456        -9.85169
 1016           8.2508        12.40800         2.96263        -4.15722
 1017           2.8796        12.46861        -2.90763        -9.58904
 1018             8.43        12.32686         0.32059        -3.89687
 1019           5.3949        12.97843        -7.27131        -7.58348
 1020           14.358        12.79964         0.58758         1.55846
 1021           16.199        12.58668         1.49703         3.61242
 1022           18.717        12.50733         2.67859         6.20977
 1023            14.82        12.80622         0.85790         2.01428
 1024           18.692        12.78293         4.76294         5.90947
 1025           8.0201        13.18019        -3.19618        -5.16007
 1026           13.094        13.04875         1.10916         0.04565
 1027           9.4828        13.08954        -1.95305        -3.60672
 1028           13.649        12.90640        -1.26401         0.74310
 1029           15.701        12.96741        -2.31547         2.73369
 1030            16.58        12.83962         0.54287         3.74058
 1031           18.817        12.90763         1.71745         5.90987
 1032           12.212        13.03847        -0.34752        -0.82647
 1033           10.983        12.90758        -3.04087        -1.92488
 1034           15.902        12.98781         1.71879         2.91369
 1035           13.421        12.67946        -2.82416         0.74204
 1036            17.25        12.90137         0.22229         4.34903
 1037           12.192        12.67679        -1.75045        -0.48439
 1038           18.454        12.75089         2.24229         5.70361
 1039           8.1343        12.60696        -2.95095        -4.47261
 1040           10.732        12.65195         2.09219        -1.91945
 1041           17.251        12.49640         3.41453         4.75480
 1042           17.653        12.67750         1.77499         4.97540
 1043           20.183        12.80700         2.82839         7.37630
 1044           12.971        12.64430        -0.77254         0.32700
 1045           11.075        12.49646        -4.45915        -1.42186
 1046           9.4127        12.34561         0.29504        -2.93291
 1047           3.9878        12.20129        -4.13300        -8.21346
 1048           9.7065        12.32152         0.77335        -2.61501
 1049           10.748        12.73270        -4.06207        -1.98460
 1050           15.825        12.70037         2.24459         3.12443
 1051           10.143        12.56764        -4.03956        -2.42444
 1052           21.649        12.69752         3.36029         8.95118
 1053           20.139        13.10482         1.56877         7.03378
 1054           17.371        13.22804         2.35182         4.14316
 1055           8.0859        11.96474        -2.19326        -3.87886
 1056           5.0037        11.74719        -8.66415        -6.74345
 1057           8.2951        11.76379         0.00647        -3.46871
 1058           5.1156        11.94358        -1.95755        -6.82797
 1059           7.3782        11.85678        -1.39981        -4.47856
 1060            3.915        12.01453        -1.43127        -8.09949
 1061           3.5114        12.06230        -2.10875        -8.55085
 1062           6.7778        12.05697         1.78641        -5.27917
 1063           7.3459        11.94669         1.11749        -4.60083
 1064           2.3227        12.15370        -4.22322        -9.83097
 1065           8.3613        12.13349         1.00280        -3.77214
 1066           1.9974        12.08774        -2.55336       -10.09038
 1067           5.7209        12.10625        -0.93116        -6.38532
 1068           8.4875        12.16958         1.28455        -3.68213
 1069            7.087        12.03260         0.64277        -4.94556
 1070           6.0918        12.01758        -1.58589        -5.92581
 1071           5.8428        11.64138        -0.39949        -5.79854
 1072           6.3144        11.80075        -0.12321        -5.48637
 1073           7.7862        11.84102         1.41939        -4.05482
 1074           1.6277        11.72270        -4.22421       -10.09499
 1075           9.9809        11.95076         2.52045        -1.96989
 1076           7.2587        11.86124        -1.67945        -4.60255
 1077           5.4347        11.75107        -2.59678        -6.31639
 1078           7.3638        11.95302         1.41300        -4.58921
 1079           4.4875        12.00923        -1.91300        -7.52173
 1080           4.1149        11.95364        -1.38750        -7.83877
 1081           13.916        11.76428         4.15824         2.15162
 1082           13.558        11.68536         4.29622         1.87274
 1083           11.325        11.71441         1.95103        -0.38981
 1084           7.1013        11.71297        -0.26897        -4.61167
 1085             4.09        11.65120        -2.78822        -7.56115
 1086           3.1465        11.63576        -0.91115        -8.48925
 1087           3.1872        11.70417        -1.39932        -8.51697
 1088           4.6984        11.82595         0.57470        -7.12751
 1089           3.0891        11.71066        -1.08619        -8.62155
 1090           3.8844        11.76859        -1.24122        -7.88420
 1091           3.5199        11.95860        -2.33447        -8.43867
 1092           3.0483        11.64300        -2.58361        -8.59468
 1093           8.2481        11.81375         3.49717        -3.56566
 1094           8.9166        11.65623         0.03785        -2.73963
 1095            4.767        11.63610        -3.06871        -6.86911
 1096           2.6761        11.99174        -3.75137        -9.31567
 1097           9.5896        11.84318         2.87326        -2.25358
 1098           6.7433        12.14410        -2.09490        -5.40081
 1099           12.757        12.07417         7.53266         0.68273
 1100            8.716        12.11948         2.05593        -3.40345
 1101           2.3801        12.06346        -2.31484        -9.68335
 1102           2.7162        12.19395        -0.82119        -9.47772
 1103           3.5135        12.21241        -2.08390        -8.69894
 1104           3.2305        12.73797        -1.21347        -9.50744
 1105           3.8765        11.80005        -0.79165        -7.92357
 1106           2.7515        11.75884        -1.43298        -9.00739
 1107            2.881        11.89657        -2.51251        -9.01554
============================== END OF REPORT ================================

>>29/11/2019 16:32:48
REGRESSION
----------
SUMMARY OF OUTPUT: SPATIAL LAG MODEL - MAXIMUM LIKELIHOOD ESTIMATION
Data set            : BonusFile
Spatial Weight      : Bonusfile weights
Dependent Variable  :  LSOA2011 A  Number of Observations: 1107
Mean dependent var  :     13.0277  Number of Variables   :    3
S.D. dependent var  :     10.1781  Degrees of Freedom    : 1104
Lag coeff.   (Rho)  :    0.921431

R-squared           :    0.783161  Log likelihood        :    -3438.41
Sq. Correlation     : -            Akaike info criterion :     6882.82
Sigma-square        :      22.463  Schwarz criterion     :     6897.85
S.E of regression   :     4.73951

-----------------------------------------------------------------------------
       Variable       Coefficient     Std.Error       z-value    Probability
-----------------------------------------------------------------------------
      W_LSOA2011 A      0.921431      0.0114519        80.4612     0.00000
          CONSTANT      0.529954       0.409894        1.29291     0.19604
        PLEASEWORK   1.87415e-06    1.11193e-06        1.68549     0.09189
-----------------------------------------------------------------------------

REGRESSION DIAGNOSTICS
DIAGNOSTICS FOR HETEROSKEDASTICITY 
RANDOM COEFFICIENTS
TEST                                     DF      VALUE        PROB
Breusch-Pagan test                       1       359.8508     0.00000

DIAGNOSTICS FOR SPATIAL DEPENDENCE
SPATIAL LAG DEPENDENCE FOR WEIGHT MATRIX : Bonusfile weights
TEST                                     DF      VALUE        PROB
Likelihood Ratio Test                    1      1281.5939     0.00000
============================== END OF REPORT ================================

