>>03/12/2019 14:58:01
REGRESSION
----------
SUMMARY OF OUTPUT: SPATIAL LAG MODEL - MAXIMUM LIKELIHOOD ESTIMATION
Data set            : FinalShapeFile
Spatial Weight      : FinalShapeFile weights_LSOA11CD as ID 
Dependent Variable  :  LSOA2011 A  Number of Observations: 1107
Mean dependent var  :     13.0277  Number of Variables   :    3
S.D. dependent var  :     10.1781  Degrees of Freedom    : 1104
Lag coeff.   (Rho)  :   -0.350425

R-squared           :    0.105075  Log likelihood        :    -4077.95
Sq. Correlation     : -            Akaike info criterion :      8161.9
Sigma-square        :     92.7078  Schwarz criterion     :     8176.92
S.E of regression   :     9.62849

-----------------------------------------------------------------------------
       Variable       Coefficient     Std.Error       z-value    Probability
-----------------------------------------------------------------------------
      W_LSOA2011 A     -0.350425       0.324826       -1.07881     0.28067
          CONSTANT      -2.70328        1.41248       -1.91386     0.05564
        lsoaages_W     0.0130591      0.0011475        11.3805     0.00000
-----------------------------------------------------------------------------

REGRESSION DIAGNOSTICS
DIAGNOSTICS FOR HETEROSKEDASTICITY 
RANDOM COEFFICIENTS
TEST                                     DF      VALUE        PROB
Breusch-Pagan test                       1        25.1120     0.00000

DIAGNOSTICS FOR SPATIAL DEPENDENCE
SPATIAL LAG DEPENDENCE FOR WEIGHT MATRIX : FinalShapeFile weights_LSOA11CD as ID 
TEST                                     DF      VALUE        PROB
Likelihood Ratio Test                    1         0.3260     0.56805

  OBS      LSOA2011 A        PREDICTED        RESIDUAL       PRED ERROR
    1           4.6755         9.57228        -4.89680        -4.89680
    2           2.6159         9.54616        -6.93028        -6.93028
    3           2.8147        11.11326        -8.29854        -8.29854
    4           4.4925        10.21218        -5.71965        -5.71965
    5           4.9463         9.50699        -4.56072        -4.56072
    6           4.8039         9.21968        -4.41574        -4.41574
    7           3.3573        10.19912        -6.84187        -6.84187
    8           6.7797        11.68786        -4.90811        -4.90811
    9           14.242        10.22524         4.01646         4.01646
   10           6.4747        11.72703        -5.25235        -5.25235
   11           3.8218         8.44920        -4.62745        -4.62745
   12           9.6078        12.05351        -2.44568        -2.44568
   13           5.6252        10.17300        -4.54780        -4.54780
   14           3.6551        11.92292        -8.26780        -8.26780
   15           4.6898        11.88374        -7.19393        -7.19393
   16           8.0451        11.71398        -3.66885        -3.66885
   17           6.2742        12.07963        -5.80539        -5.80539
   18           6.9993         9.71593        -2.71667        -2.71667
   19          0.86423         8.71038        -7.84615        -7.84615
   20           4.5198         8.86709        -4.34728        -4.34728
   21           4.5078         9.31110        -4.80333        -4.80333
   22           3.4931         7.84848        -4.35540        -4.35540
   23           5.5796         9.66369        -4.08409        -4.08409
   24           7.3884         9.10215        -1.71370        -1.71370
   25           4.5241        10.25135        -5.72722        -5.72722
   26             7.74        11.89680        -4.15678        -4.15678
   27           12.947        11.77927         1.16743         1.16743
   28           8.0691        10.66925        -2.60011        -2.60011
   29           4.4812        11.72703        -7.24585        -7.24585
   30           11.731        10.81290         0.91820         0.91820
   31           4.1925        10.77372        -6.58123        -6.58123
   32           12.002        11.87068         0.13142         0.13142
   33           13.127        15.78842        -2.66162        -2.66162
   34           4.5724        10.74760        -6.17521        -6.17521
   35           13.636        13.67284        -0.03674        -0.03674
   36           18.281        12.68035         5.60045         5.60045
   37           5.4967         9.28498        -3.78826        -3.78826
   38           6.4013        12.60199        -6.20064        -6.20064
   39            7.163        10.09465        -2.93168        -2.93168
   40           13.519        10.82596         2.69274         2.69274
   41           14.277         9.84652         4.43018         4.43018
   42           10.941        14.88734        -3.94614        -3.94614
   43           9.0905        10.90431        -1.81386        -1.81386
   44           15.322        12.45834         2.86316         2.86316
   45           18.137        14.20827         3.92923         3.92923
   46            15.47        14.62616         0.84354         0.84354
   47           15.114        13.46390         1.64980         1.64980
   48           13.662        12.44529         1.21711         1.21711
   49           11.277        13.63366        -2.35656        -2.35656
   50           8.9393        13.33330        -4.39402        -4.39402
   51           4.1254        10.21218        -6.08682        -6.08682
   52           9.2043        10.86513        -1.66082        -1.66082
   53           7.2449        10.98266        -3.73775        -3.73775
   54           5.5574        11.53115        -5.97376        -5.97376
   55           11.049        11.30914        -0.26054        -0.26054
   56           7.9219        10.09465        -2.17278        -2.17278
   57           5.5598        12.51058        -6.95078        -6.95078
   58           6.5614        10.91737        -4.35598        -4.35598
   59           16.453        10.00323         6.45017         6.45017
   60           5.1773        10.72148        -5.54414        -5.54414
   61           3.9343        11.68786        -7.75354        -7.75354
   62           10.772         9.72899         1.04331         1.04331
   63           9.3492         8.93238         0.41684         0.41684
   64           20.672        10.70842         9.96388         9.96388
   65           3.3297        11.63562        -8.30592        -8.30592
   66           5.2686        10.81290        -5.54426        -5.54426
   67           9.0831        10.73454        -1.65140        -1.65140
   68           6.9311         8.98462        -2.05349        -2.05349
   69            9.836        10.87819        -1.04223        -1.04223
   70            9.254        10.15994        -0.90591        -0.90591
   71           6.4086        10.39500        -3.98644        -3.98644
   72           10.172        14.15603        -3.98403        -3.98403
   73           7.6276        10.89125        -3.26365        -3.26365
   74           16.779        10.55171         6.22739         6.22739
   75           9.0111        12.53670        -3.52558        -3.52558
   76           6.6471        10.69536        -4.04822        -4.04822
   77            6.107        10.79984        -4.69288        -4.69288
   78           28.017        16.63726        11.37924        11.37924
   79           23.638        15.48806         8.14974         8.14974
   80           17.764        19.82368        -2.06008        -2.06008
   81           9.8165        11.66174        -1.84522        -1.84522
   82           11.093        11.42667        -0.33397        -0.33397
   83           6.7759        13.18965        -6.41379        -6.41379
   84           9.8204        13.58143        -3.76104        -3.76104
   85           8.0195        13.08518        -5.06573        -5.06573
   86           15.619        14.39109         1.22761         1.22761
   87           21.108        20.08487         1.02313         1.02313
   88           22.003        13.97320         8.02980         8.02980
   89           7.9046        12.90235        -4.99773        -4.99773
   90            20.03        20.21546        -0.18536        -0.18536
   91           4.0874        11.92292        -7.83551        -7.83551
   92           10.104        23.84589       -13.74199       -13.74199
   93           5.0229         9.84652        -4.82362        -4.82362
   94           3.8394        13.12436        -9.28495        -9.28495
   95           2.2541        11.08714        -8.83307        -8.83307
   96           6.7017        12.23634        -5.53466        -5.53466
   97            4.891        11.88374        -6.99275        -6.99275
   98           7.2737        10.98266        -3.70900        -3.70900
   99           3.3386        10.36889        -7.03028        -7.03028
  100           2.7147         9.66369        -6.94897        -6.94897
  101           5.7759        10.23830        -4.46244        -4.46244
  102           3.8279         7.67871        -3.85082        -3.85082
  103           8.3261        10.15994        -1.83387        -1.83387
  104           6.8844        10.15994        -3.27558        -3.27558
  105           7.5943         9.72899        -2.13471        -2.13471
  106           4.2541        10.49948        -6.24541        -6.24541
  107           6.3456         9.75511        -3.40947        -3.40947
  108           14.755        13.68590         1.06880         1.06880
  109           18.691        15.23994         3.45086         3.45086
  110           17.133        16.25855         0.87405         0.87405
  111           13.397        11.54421         1.85249         1.85249
  112           9.6074        11.20467        -1.59727        -1.59727
  113           15.071        17.55140        -2.48030        -2.48030
  114           4.4953        13.55531        -9.05997        -9.05997
  115           4.8521        10.98266        -6.13057        -6.13057
  116           6.7984        15.85371        -9.05528        -9.05528
  117           18.995        14.44333         4.55197         4.55197
  118           8.6915        13.96014        -5.26868        -5.26868
  119           13.277        16.15407        -2.87677        -2.87677
  120           9.7613        12.71953        -2.95826        -2.95826
  121           8.8036        15.12240        -6.31878        -6.31878
  122           4.0287        11.47891        -7.45021        -7.45021
  123            4.961         9.19357        -4.23258        -4.23258
  124           3.2017        10.40806        -7.20640        -7.20640
  125           5.2192         8.44920        -3.22995        -3.22995
  126           5.1195         8.46226        -3.34275        -3.34275
  127           6.5007        11.03490        -4.53421        -4.53421
  128           4.6133         9.76817        -5.15486        -5.15486
  129           4.7607        10.69536        -5.93464        -5.93464
  130           4.7133        13.42472        -8.71142        -8.71142
  131           9.8141         7.88766         1.92648         1.92648
  132           8.8119        18.57001        -9.75812        -9.75812
  133           9.1105        14.10379        -4.99327        -4.99327
  134           5.7426         9.36333        -3.62072        -3.62072
  135           9.3519        10.42112        -1.06921        -1.06921
  136           4.5961        12.34081        -7.74473        -7.74473
  137           30.148        11.72703        18.42097        18.42097
  138           39.556         9.08909        30.46701        30.46701
  139           17.761        16.03654         1.72406         1.72406
  140           5.1851        12.79788        -7.61281        -7.61281
  141           13.685        15.48806        -1.80346        -1.80346
  142           12.109        15.38359        -3.27429        -3.27429
  143           8.7545         9.95099        -1.19651        -1.19651
  144           2.9455        10.40806        -7.46256        -7.46256
  145           6.8281        13.56837        -6.74029        -6.74029
  146           7.7443        12.14493        -4.40059        -4.40059
  147           17.984        14.15603         3.82837         3.82837
  148            12.13         9.62452         2.50508         2.50508
  149           10.406        11.33526        -0.92946        -0.92946
  150           9.3272         7.84848         1.47870         1.47870
  151           16.733        11.23079         5.50221         5.50221
  152           9.8676        11.32220        -1.45456        -1.45456
  153           17.727        15.56641         2.16039         2.16039
  154           13.601        11.06102         2.53948         2.53948
  155           15.433        12.22328         3.21012         3.21012
  156           17.547        11.13937         6.40813         6.40813
  157           12.553        10.40806         2.14494         2.14494
  158           19.853         8.57979        11.27301        11.27301
  159           31.576        10.39500        21.18110        21.18110
  160           9.4206        14.63922        -5.21865        -5.21865
  161           18.268        10.72148         7.54632         7.54632
  162           6.0486        11.26997        -5.22141        -5.22141
  163           4.3798        11.90986        -7.53002        -7.53002
  164           9.6685        11.04796        -1.37944        -1.37944
  165            11.42        12.39305        -0.97265        -0.97265
  166           11.694        10.61701         1.07669         1.07669
  167           43.348        17.87788        25.47052        25.47052
  168           4.7075        11.34832        -6.64079        -6.64079
  169           11.428        19.56250        -8.13400        -8.13400
  170           8.9258        12.44529        -3.51945        -3.51945
  171           4.1539        23.53247       -19.37854       -19.37854
  172           4.6098        11.58338        -6.97353        -6.97353
  173           12.374         8.01825         4.35625         4.35625
  174           9.1922         9.78123        -0.58899        -0.58899
  175           9.1387        10.35583        -1.21711        -1.21711
  176           5.3938         8.21413        -2.82036        -2.82036
  177           11.369        13.17660        -1.80780        -1.80780
  178           4.6563        12.15798        -7.50167        -7.50167
  179           6.1367        10.85207        -4.71535        -4.71535
  180           10.854        12.81094        -1.95644        -1.95644
  181           9.3271        12.61505        -3.28792        -3.28792
  182           7.1876        22.57916       -15.39157       -15.39157
  183           9.1589        12.30164        -3.14277        -3.14277
  184           9.5046        11.58338        -2.07873        -2.07873
  185           14.216        23.83283        -9.61663        -9.61663
  186           7.7923        13.80343        -6.01115        -6.01115
  187           11.722        13.71202        -1.98972        -1.98972
  188           9.5918        14.99181        -5.39999        -5.39999
  189           19.206        19.04014         0.16546         0.16546
  190           13.463        16.66338        -3.20018        -3.20018
  191           7.2961        12.22328        -4.92719        -4.92719
  192           13.075        12.70647         0.36813         0.36813
  193           7.1673         9.75511        -2.58786        -2.58786
  194           12.073        15.72312        -3.65032        -3.65032
  195           19.095        14.56086         4.53444         4.53444
  196           7.3139        15.25299        -7.93906        -7.93906
  197           16.739        22.77504        -6.03564        -6.03564
  198           13.757        17.32939        -3.57209        -3.57209
  199           27.821        12.83706        14.98394        14.98394
  200           13.934        12.31469         1.61971         1.61971
  201           15.248        12.94153         2.30617         2.30617
  202           8.9875        16.11490        -7.12745        -7.12745
  203           10.861        15.72312        -4.86242        -4.86242
  204           10.597        20.93371       -10.33671       -10.33671
  205            21.62        16.03654         5.58306         5.58306
  206           7.4307        15.18770        -7.75703        -7.75703
  207           9.9937        16.97680        -6.98311        -6.98311
  208           4.8231        11.13937        -6.31626        -6.31626
  209           4.8568        11.59644        -6.73968        -6.73968
  210           21.917        11.80539        10.11131        10.11131
  211           5.6505         9.91182        -4.26130        -4.26130
  212           21.906         9.06298        12.84272        12.84272
  213           9.0607         9.01074         0.04995         0.04995
  214           7.9934        14.05156        -6.05812        -6.05812
  215           7.4892        10.04241        -2.55317        -2.55317
  216           6.6539         9.89876        -3.24486        -3.24486
  217           13.628         9.92488         3.70282         3.70282
  218           13.954         9.44169         4.51221         4.51221
  219           10.347         9.82040         0.52680         0.52680
  220           15.466         8.88015         6.58595         6.58595
  221           16.778        12.83706         3.94094         3.94094
  222           13.071        14.74369        -1.67269        -1.67269
  223           18.922        13.56837         5.35393         5.35393
  224           8.4914        12.23634        -3.74494        -3.74494
  225           20.206        12.24940         7.95640         7.95640
  226           22.769        12.09269        10.67661        10.67661
  227           6.6911        10.46030        -3.76916        -3.76916
  228           7.7549         9.87264        -2.11774        -2.11774
  229           9.9781        11.07408        -1.09602        -1.09602
  230           6.5614        12.53670        -5.97525        -5.97525
  231           6.6148        14.76981        -8.15501        -8.15501
  232           6.9244        13.69896        -6.77458        -6.77458
  233           5.3262        12.34081        -7.01466        -7.01466
  234            8.058        10.95655        -2.89857        -2.89857
  235           17.544        20.09792        -2.55352        -2.55352
  236           9.3713        17.55140        -8.18007        -8.18007
  237           11.861        23.93730       -12.07660       -12.07660
  238             8.09        11.03490        -2.94487        -2.94487
  239           4.1573        27.20208       -23.04477       -23.04477
  240           20.143        10.12076        10.02204        10.02204
  241           36.899         8.65814        28.24056        28.24056
  242           13.318         8.09660         5.22120         5.22120
  243           7.7676         9.72899        -1.96135        -1.96135
  244           13.308        10.48642         2.82198         2.82198
  245           40.266         8.12272        32.14348        32.14348
  246           24.944        10.25135        14.69305        14.69305
  247           30.083        10.34277        19.74063        19.74063
  248           17.256         9.57228         7.68422         7.68422
  249           3.3281        10.85207        -7.52396        -7.52396
  250           5.1295        10.89125        -5.76171        -5.76171
  251           3.9821        21.73031       -17.74817       -17.74817
  252           3.9532        11.19161        -7.23840        -7.23840
  253           3.8174        13.32025        -9.50281        -9.50281
  254           10.171        13.16354        -2.99264        -2.99264
  255           4.6838        12.45834        -7.77456        -7.77456
  256           18.988        10.60395         8.38425         8.38425
  257            2.877        12.21022        -9.33319        -9.33319
  258           3.2038        10.83901        -7.63525        -7.63525
  259           4.1977        14.75675       -10.55904       -10.55904
  260           15.714        15.27911         0.43509         0.43509
  261           11.833        12.66729        -0.83419        -0.83419
  262           13.736        12.13187         1.60383         1.60383
  263           19.398        15.73618         3.66172         3.66172
  264           15.859        14.82204         1.03706         1.03706
  265           31.465        15.59253        15.87217        15.87217
  266           25.114        12.02739        13.08681        13.08681
  267           25.395        12.98071        12.41439        12.41439
  268           29.733        16.45443        13.27867        13.27867
  269           26.675        14.86122        11.81358        11.81358
  270           19.537        13.76426         5.77224         5.77224
  271           12.348        11.75315         0.59515         0.59515
  272           20.289        12.78482         7.50388         7.50388
  273           20.115        15.84065         4.27475         4.27475
  274            24.86        13.50307        11.35723        11.35723
  275           12.958        10.86513         2.09247         2.09247
  276            2.671        12.61505        -9.94401        -9.94401
  277           5.0382         9.16745        -4.12929        -4.12929
  278           3.5312        10.04241        -6.51121        -6.51121
  279           5.5455        13.59449        -8.04901        -8.04901
  280           6.6047         8.55367        -1.94896        -1.94896
  281           7.5668        10.76066        -3.19382        -3.19382
  282           21.031        13.86873         7.16197         7.16197
  283           13.607        13.80343        -0.19653        -0.19653
  284            22.96        15.00487         7.95563         7.95563
  285           18.869        11.81845         7.05035         7.05035
  286           15.503        14.27356         1.22934         1.22934
  287             16.1        12.49752         3.60248         3.60248
  288           11.538        12.35387        -0.81567        -0.81567
  289           4.3983        10.77372        -6.37540        -6.37540
  290           6.3996         8.76262        -2.36299        -2.36299
  291           12.835         8.31861         4.51589         4.51589
  292           6.2451        12.27552        -6.03040        -6.03040
  293           8.1066        14.90040        -6.79383        -6.79383
  294           8.4743         7.86154         0.61278         0.61278
  295           5.6086        13.69896        -8.09037        -8.09037
  296           4.5229        10.83901        -6.31616        -6.31616
  297           7.6433        13.28107        -5.63781        -5.63781
  298           16.584        17.55140        -0.96720        -0.96720
  299           17.451        12.66729         4.78351         4.78351
  300            8.799        15.38359        -6.58459        -6.58459
  301           6.3156        13.11130        -6.79571        -6.79571
  302           12.034        14.43027        -2.39617        -2.39617
  303           7.0135        19.87592       -12.86244       -12.86244
  304           10.366        18.21741        -7.85131        -7.85131
  305           10.718        13.64672        -2.92852        -2.92852
  306           11.614        14.86122        -3.24752        -3.24752
  307           34.632        14.44333        20.18907        20.18907
  308           12.925        12.17104         0.75356         0.75356
  309           4.7633        11.32220        -6.55886        -6.55886
  310           4.8477        10.02935        -5.18164        -5.18164
  311           4.8733        10.53866        -5.66532        -5.66532
  312           8.6718         9.55922        -0.88743        -0.88743
  313           6.3709        14.33886        -7.96795        -7.96795
  314           10.545        18.20435        -7.65935        -7.65935
  315           3.2611         8.17496        -4.91391        -4.91391
  316            4.027         8.61897        -4.59197        -4.59197
  317           7.7924         9.57228        -1.77983        -1.77983
  318           6.1719        11.29608        -5.12417        -5.12417
  319           9.7145        13.73814        -4.02364        -4.02364
  320           8.4277        11.58338        -3.15569        -3.15569
  321           10.911        10.90431         0.00669         0.00669
  322           18.144        14.27356         3.87034         3.87034
  323           18.159        14.49557         3.66293         3.66293
  324           16.896        10.12076         6.77484         6.77484
  325            3.484         9.82040        -6.33636        -6.33636
  326           13.846        10.31665         3.52925         3.52925
  327             5.63        10.21218        -4.58213        -4.58213
  328           6.3488         8.25331        -1.90450        -1.90450
  329           9.2876        15.34441        -6.05682        -6.05682
  330           4.8111        15.87983       -11.06877       -11.06877
  331           6.3524        14.82204        -8.46967        -8.46967
  332           7.2866        14.69145        -7.40481        -7.40481
  333           9.0884        14.41721        -5.32880        -5.32880
  334           15.036        13.15048         1.88512         1.88512
  335           10.694        10.06853         0.62507         0.62507
  336           12.171        12.68035        -0.50915        -0.50915
  337           24.439        15.26605         9.17275         9.17275
  338           19.552        15.07017         4.48143         4.48143
  339           22.349        15.29217         7.05733         7.05733
  340           18.588        14.46945         4.11825         4.11825
  341           17.624        14.44333         3.18027         3.18027
  342           10.524        12.95459        -2.43109        -2.43109
  343           6.8365        16.63726        -9.80074        -9.80074
  344           6.1177        13.20271        -7.08505        -7.08505
  345           6.0422        13.04600        -7.00382        -7.00382
  346           5.8453        14.16909        -8.32377        -8.32377
  347           7.4411        11.33526        -3.89416        -3.89416
  348           6.8892        15.51418        -8.62501        -8.62501
  349           7.8529        22.09597       -14.24308       -14.24308
  350           2.6057         8.67120        -6.06554        -6.06554
  351           4.1469         8.60591        -4.45902        -4.45902
  352           4.5165        10.02935        -5.51287        -5.51287
  353           5.2456        13.00683        -7.76119        -7.76119
  354           6.1275        12.35387        -6.22634        -6.22634
  355           12.489        12.40611         0.08329         0.08329
  356           3.7173        11.00878        -7.29152        -7.29152
  357           2.9095        10.69536        -7.78586        -7.78586
  358           4.8265         9.75511        -4.92861        -4.92861
  359           6.9007        11.23079        -4.33010        -4.33010
  360           8.0844        11.83151        -3.74711        -3.74711
  361           4.5202         8.04436        -3.52421        -3.52421
  362           3.5534         8.88015        -5.32672        -5.32672
  363           7.0128        13.12436        -6.11156        -6.11156
  364           12.969        11.67480         1.29420         1.29420
  365           16.091        12.36693         3.72397         3.72397
  366           23.609        19.87592         3.73328         3.73328
  367           8.7111        14.27356        -5.56242        -5.56242
  368           15.632        11.80539         3.82651         3.82651
  369            13.33        15.43582        -2.10582        -2.10582
  370           9.7848        14.05156        -4.26681        -4.26681
  371           9.5278        13.85567        -4.32785        -4.32785
  372           19.503        14.22132         5.28138         5.28138
  373           8.7229        14.71757        -5.99469        -5.99469
  374           17.736        14.09073         3.64557         3.64557
  375            19.73        15.39664         4.33316         4.33316
  376           20.076        15.34441         4.73169         4.73169
  377           24.773        17.55140         7.22200         7.22200
  378           3.0852        12.74564        -9.66046        -9.66046
  379            6.178        13.51613        -7.33817        -7.33817
  380           8.1774        10.04241        -1.86498        -1.86498
  381           2.8279        10.14688        -7.31899        -7.31899
  382           8.7665        13.47696        -4.71047        -4.71047
  383           5.8766         8.00519        -2.12854        -2.12854
  384           6.1109        10.83901        -4.72814        -4.72814
  385           5.8403        11.97516        -6.13483        -6.13483
  386            3.257         8.35778        -5.10078        -5.10078
  387           4.4253        11.19161        -6.76629        -6.76629
  388           3.7575        10.44724        -6.68971        -6.68971
  389           6.7736        10.29053        -3.51693        -3.51693
  390           4.8808        10.34277        -5.46197        -5.46197
  391           3.6348        10.30359        -6.66882        -6.66882
  392           10.313        14.96569        -4.65269        -4.65269
  393           18.788        19.65391        -0.86551        -0.86551
  394           15.195        21.26019        -6.06519        -6.06519
  395           14.757        13.89485         0.86245         0.86245
  396           1.0872        11.32220       -10.23504       -10.23504
  397           14.321        13.76426         0.55634         0.55634
  398           28.861        20.64641         8.21489         8.21489
  399           4.3638        14.22132        -9.85754        -9.85754
  400           2.5909        12.18410        -9.59319        -9.59319
  401           5.8922        12.69341        -6.80116        -6.80116
  402            6.751        16.91150       -10.16051       -10.16051
  403           3.6788        12.79788        -9.11908        -9.11908
  404           5.8679        12.87624        -7.00836        -7.00836
  405           5.1741        16.40220       -11.22812       -11.22812
  406            19.42        12.24940         7.17070         7.17070
  407           27.692        15.13546        12.55644        12.55644
  408           9.3431        11.12632        -1.78318        -1.78318
  409           13.096        13.24189        -0.14629        -0.14629
  410           22.062        12.49752         9.56488         9.56488
  411            11.52        13.24189        -1.72219        -1.72219
  412           32.454        14.57392        17.88008        17.88008
  413            19.37        13.77731         5.59289         5.59289
  414           5.4172         9.75511        -4.33787        -4.33787
  415           7.9471        10.60395        -2.65685        -2.65685
  416           4.4987        10.51254        -6.01386        -6.01386
  417           3.9269        11.79233        -7.86539        -7.86539
  418           7.4391        11.25691        -3.81781        -3.81781
  419           7.8256        11.50503        -3.67940        -3.67940
  420           7.7111        11.45279        -3.74169        -3.74169
  421            20.79        17.66893         3.12077         3.12077
  422           11.178        15.18770        -4.01020        -4.01020
  423           4.3118        11.34832        -7.03656        -7.03656
  424           13.078        13.89485        -0.81645        -0.81645
  425           8.5424        13.47696        -4.93456        -4.93456
  426           9.5604        16.27160        -6.71116        -6.71116
  427           8.4169        12.47140        -4.05449        -4.05449
  428           4.9731        16.68950       -11.71641       -11.71641
  429            4.587        11.97516        -7.38813        -7.38813
  430           5.3413        13.94708        -8.60575        -8.60575
  431           15.168        19.98039        -4.81209        -4.81209
  432            9.693        12.74564        -3.05261        -3.05261
  433           3.7311        15.38359       -11.65246       -11.65246
  434           11.719        14.83510        -3.11640        -3.11640
  435           17.981        13.80343         4.17767         4.17767
  436           22.096        15.84065         6.25565         6.25565
  437           23.298        18.85731         4.44089         4.44089
  438           20.655        12.82400         7.83120         7.83120
  439           25.913        18.93566         6.97774         6.97774
  440             22.3        13.60755         8.69295         8.69295
  441           14.769        15.21382        -0.44472        -0.44472
  442           31.532        14.23438        17.29792        17.29792
  443           17.667        19.90204        -2.23464        -2.23464
  444           16.658        13.63366         3.02424         3.02424
  445           12.591        14.70451        -2.11301        -2.11301
  446           16.185        15.17464         1.01076         1.01076
  447           4.2772        14.29968       -10.02249       -10.02249
  448           4.7271        12.07963        -7.35255        -7.35255
  449           2.7654        10.87819        -8.11277        -8.11277
  450           3.8228        12.31469        -8.49189        -8.49189
  451           8.9818        10.81290        -1.83109        -1.83109
  452           3.3481        11.85763        -8.50955        -8.50955
  453           7.4855        11.50503        -4.01952        -4.01952
  454           8.8133        10.65619        -1.84294        -1.84294
  455            2.382        10.82596        -8.44397        -8.44397
  456           8.1019        14.91346        -6.81161        -6.81161
  457           9.8802        14.40415        -4.52391        -4.52391
  458           5.3398         9.78123        -4.44140        -4.44140
  459           11.849        14.73063        -2.88193        -2.88193
  460           14.399        17.17268        -2.77318        -2.77318
  461           12.752        14.11685        -1.36485        -1.36485
  462           6.2709        16.51973       -10.24887       -10.24887
  463            10.48        11.12632        -0.64602        -0.64602
  464             14.7        10.65619         4.04431         4.04431
  465           10.385        12.47140        -2.08660        -2.08660
  466            14.88        16.24549        -1.36499        -1.36499
  467           4.4902        11.77927        -7.28910        -7.28910
  468           7.5752        11.15243        -3.57724        -3.57724
  469           11.076        10.87819         0.19771         0.19771
  470           9.5126        11.90986        -2.39724        -2.39724
  471           1.5081         9.49393        -7.98587        -7.98587
  472           15.782        18.76590        -2.98430        -2.98430
  473           40.534        28.63858        11.89572        11.89572
  474           6.7869         7.91377        -1.12684        -1.12684
  475           26.333        11.11326        15.22014        15.22014
  476           12.457        10.06853         2.38837         2.38837
  477            7.033         8.24025        -1.20721        -1.20721
  478           14.171        10.70842         3.46228         3.46228
  479           7.3906        10.38195        -2.99136        -2.99136
  480           31.917        12.69341        19.22329        19.22329
  481           16.231        13.98626         2.24514         2.24514
  482           13.145        10.73454         2.41036         2.41036
  483             7.46        11.19161        -3.73160        -3.73160
  484           8.2028        10.73454        -2.53173        -2.53173
  485           4.5869         8.95850        -4.37164        -4.37164
  486            6.753        12.13187        -5.37885        -5.37885
  487           4.8654        11.25691        -6.39152        -6.39152
  488           6.3986         8.34472        -1.94613        -1.94613
  489           7.0149         7.35223        -0.33732        -0.33732
  490           7.4355         8.41002        -0.97451        -0.97451
  491           5.7512        11.04796        -5.29675        -5.29675
  492           3.8584        10.47336        -6.61492        -6.61492
  493           3.0149         9.21968        -6.20479        -6.20479
  494           2.5171         8.64508        -6.12798        -6.12798
  495            4.821        12.07963        -7.25862        -7.25862
  496           4.0769        10.78678        -6.70985        -6.70985
  497           6.6856        10.94349        -4.25789        -4.25789
  498           4.7284        11.21773        -6.48935        -6.48935
  499           7.4282        10.49948        -3.07126        -3.07126
  500           5.8299        10.95655        -5.12662        -5.12662
  501           3.4836        13.42472        -9.94109        -9.94109
  502           5.8107        14.12991        -8.31920        -8.31920
  503           16.953        11.55727         5.39563         5.39563
  504           8.9103        12.64117        -3.73088        -3.73088
  505           9.0879        13.98626        -4.89832        -4.89832
  506           8.5049        16.04960        -7.54465        -7.54465
  507           3.4708        13.24189        -9.77109        -9.77109
  508            3.681        10.29053        -6.60951        -6.60951
  509           5.2242         9.93794        -4.71371        -4.71371
  510             9.07        11.47891        -2.40893        -2.40893
  511           5.9227        13.01989        -7.09722        -7.09722
  512           7.4865         9.74205        -2.25551        -2.25551
  513           6.9095        11.08714        -4.17767        -4.17767
  514           5.8748         9.31110        -3.43634        -3.43634
  515           5.8879        10.14688        -4.25897        -4.25897
  516           4.9585        11.42667        -6.46817        -6.46817
  517           4.9428        11.26997        -6.32712        -6.32712
  518           7.3862        10.96961        -3.58342        -3.58342
  519           14.571         9.93794         4.63266         4.63266
  520           11.056        11.84457        -0.78827        -0.78827
  521            9.591        11.58338        -1.99234        -1.99234
  522           4.9151        10.57783        -5.66272        -5.66272
  523           8.7013        10.15994        -1.45868        -1.45868
  524           5.7834         9.83346        -4.05010        -4.05010
  525           4.3092        11.57032        -7.26109        -7.26109
  526           5.2047         9.38945        -4.18477        -4.18477
  527           5.3149        12.32775        -7.01282        -7.01282
  528           9.7142        13.76426        -4.05005        -4.05005
  529           14.538        11.68786         2.84984         2.84984
  530           5.9746        14.40415        -8.42951        -8.42951
  531           2.2615        11.45279        -9.19125        -9.19125
  532          0.79461         9.71593        -8.92132        -8.92132
  533            2.627        10.57783        -7.95087        -7.95087
  534           1.5723        11.77927       -10.20698       -10.20698
  535           5.5635         9.84652        -4.28306        -4.28306
  536           3.1784         8.76262        -5.58427        -5.58427
  537           17.973        20.13710        -2.16390        -2.16390
  538           11.742        14.49557        -2.75307        -2.75307
  539           12.302        18.73978        -6.43788        -6.43788
  540           12.527        20.51582        -7.98912        -7.98912
  541           7.6975        15.59253        -7.89501        -7.89501
  542           9.0668        14.65228        -5.58545        -5.58545
  543           5.3028        12.86318        -7.56038        -7.56038
  544           10.482        15.67089        -5.18919        -5.18919
  545           14.649        14.54780         0.10120         0.10120
  546           17.338        16.12795         1.20975         1.20975
  547           12.866        17.08127        -4.21497        -4.21497
  548           14.486        12.07963         2.40647         2.40647
  549           24.755        24.17237         0.58293         0.58293
  550            8.614        13.88179        -5.26781        -5.26781
  551           10.298        15.12240        -4.82430        -4.82430
  552           10.176        19.00096        -8.82536        -8.82536
  553           12.387        14.27356        -1.88686        -1.88686
  554           13.386        16.72867        -3.34227        -3.34227
  555           10.324        18.53083        -8.20663        -8.20663
  556           4.2796        11.79233        -7.51269        -7.51269
  557           12.832        13.50307        -0.67127        -0.67127
  558           5.5085        12.23634        -6.72781        -6.72781
  559            3.569        15.07017       -11.50115       -11.50115
  560           9.4161        13.73814        -4.32202        -4.32202
  561           1.1773        12.37999       -11.20273       -11.20273
  562           8.3893        14.05156        -5.66223        -5.66223
  563           4.4175        11.12632        -6.70883        -6.70883
  564           5.2486        13.98626        -8.73765        -8.73765
  565            7.221        16.16713        -8.94618        -8.94618
  566           13.662        11.77927         1.88283         1.88283
  567           12.698        14.37803        -1.68033        -1.68033
  568           14.658        19.64086        -4.98306        -4.98306
  569           10.801        13.46390        -2.66300        -2.66300
  570           10.373        14.35192        -3.97932        -3.97932
  571           13.101        10.42112         2.67968         2.67968
  572            17.74        17.02903         0.71117         0.71117
  573           2.2466        12.86318       -10.61660       -10.61660
  574           7.8228        11.00878        -3.18599        -3.18599
  575           5.3525        11.94904        -6.59657        -6.59657
  576          0.89155        12.23634       -11.34479       -11.34479
  577            6.081        12.19716        -6.11612        -6.11612
  578           5.4165        11.19161        -5.77515        -5.77515
  579            5.963        11.81845        -5.85547        -5.85547
  580           6.9491        10.51254        -3.56340        -3.56340
  581           11.253        20.07181        -8.81881        -8.81881
  582           13.348        12.31469         1.03281         1.03281
  583           12.775        12.85012        -0.07552        -0.07552
  584           5.1164         9.20663        -4.09021        -4.09021
  585           3.4386        11.30914        -7.87051        -7.87051
  586            6.182         9.10215        -2.92015        -2.92015
  587           10.809        10.09465         0.71385         0.71385
  588           7.6987        10.48642        -2.78772        -2.78772
  589           13.671         9.95099         3.72031         3.72031
  590           9.1383        10.55171        -1.41337        -1.41337
  591           11.136        10.76066         0.37574         0.37574
  592           3.1146         9.84652        -6.73189        -6.73189
  593           2.7393        15.22688       -12.48754       -12.48754
  594           8.5563        11.45279        -2.89651        -2.89651
  595           2.6996        11.58338        -8.88375        -8.88375
  596           2.5003        13.03295       -10.53265       -10.53265
  597           10.565        13.97320        -3.40790        -3.40790
  598            14.38        13.56837         0.81193         0.81193
  599           5.4883        10.43418        -4.94583        -4.94583
  600           1.5368        12.15798       -10.62123       -10.62123
  601           3.6243        10.87819        -7.25390        -7.25390
  602           4.4733        16.61114       -12.13787       -12.13787
  603           11.503        10.48642         1.01668         1.01668
  604           10.177        11.50503        -1.32853        -1.32853
  605            5.019         9.52004        -4.50103        -4.50103
  606           3.1956        10.77372        -7.57808        -7.57808
  607           3.1189        11.47891        -8.36002        -8.36002
  608           2.5531        10.98266        -8.42952        -8.42952
  609           4.1642        12.10575        -7.94154        -7.94154
  610           2.9415        11.76621        -8.82466        -8.82466
  611           3.9417        14.56086       -10.61920       -10.61920
  612           3.7184        11.72703        -8.00860        -8.00860
  613           5.9654        13.22883        -7.26339        -7.26339
  614           10.441        13.72508        -3.28388        -3.28388
  615           8.5236        13.18965        -4.66604        -4.66604
  616           29.503        10.38195        19.12065        19.12065
  617           12.486        11.76621         0.72009         0.72009
  618           2.0605         9.75511        -7.69463        -7.69463
  619           17.252        10.72148         6.53042         6.53042
  620           5.2193        11.03490        -5.81559        -5.81559
  621           11.076         9.88570         1.19070         1.19070
  622           10.636        11.10020        -0.46370        -0.46370
  623           12.775        13.73814        -0.96294        -0.96294
  624           10.852        11.55727        -0.70477        -0.70477
  625           5.6394         9.28498        -3.64558        -3.64558
  626           5.7749         9.41557        -3.64067        -3.64067
  627           8.8108        16.58502        -7.77425        -7.77425
  628           14.165        12.22328         1.94202         1.94202
  629           7.6979        11.72703        -4.02913        -4.02913
  630           1.6723        19.36661       -17.69434       -17.69434
  631           10.833        11.45279        -0.61969        -0.61969
  632           10.451        16.14101        -5.68981        -5.68981
  633           3.8223         9.41557        -5.59327        -5.59327
  634           3.2651         8.61897        -5.35389        -5.35389
  635            2.568         9.23274        -6.66471        -6.66471
  636           3.2221        10.26441        -7.04229        -7.04229
  637           3.5944        10.35583        -6.76142        -6.76142
  638           7.5621        11.74009        -4.17798        -4.17798
  639            3.417         8.51449        -5.09746        -5.09746
  640           10.812        12.41917        -1.60747        -1.60747
  641           13.183        15.39664        -2.21354        -2.21354
  642           11.374        15.21382        -3.83982        -3.83982
  643           7.2221        12.47140        -5.24934        -5.24934
  644           12.676        13.75120        -1.07560        -1.07560
  645             9.41        15.01793        -5.60796        -5.60796
  646           4.5279        11.50503        -6.97713        -6.97713
  647           9.1972        10.43418        -1.23701        -1.23701
  648            4.716        12.06657        -7.35053        -7.35053
  649           4.8904        11.40056        -6.51020        -6.51020
  650           4.5058         8.88015        -4.37433        -4.37433
  651           5.8686         9.96405        -4.09549        -4.09549
  652           1.2993        10.01629        -8.71701        -8.71701
  653           4.5183        10.43418        -5.91590        -5.91590
  654           25.695        19.30132         6.39328         6.39328
  655           14.629        11.90986         2.71904         2.71904
  656           6.6337        11.34832        -4.71467        -4.71467
  657           5.1061        10.09465        -4.98855        -4.98855
  658           2.8888         9.58534        -6.69656        -6.69656
  659           6.6151        13.01989        -6.40474        -6.40474
  660           11.564        11.63562        -0.07122        -0.07122
  661           5.1731        14.82204        -9.64893        -9.64893
  662           11.922        11.02184         0.89976         0.89976
  663           4.9862        11.68786        -6.70168        -6.70168
  664           5.9321        15.27911        -9.34697        -9.34697
  665           4.7096        15.73618       -11.02656       -11.02656
  666           4.8637        14.57392        -9.71018        -9.71018
  667           7.3452        11.29608        -3.95085        -3.95085
  668           9.4361        14.95263        -5.51655        -5.51655
  669           5.9263        12.00128        -6.07502        -6.07502
  670           3.2311         9.37639        -6.14528        -6.14528
  671           6.6619         7.54812        -0.88627        -0.88627
  672           10.933        11.32220        -0.38960        -0.38960
  673           4.7592        13.56837        -8.80915        -8.80915
  674           10.358        20.22852        -9.87092        -9.87092
  675           11.479        14.20827        -2.72937        -2.72937
  676           7.7764        10.78678        -3.01039        -3.01039
  677            10.07        14.14297        -4.07327        -4.07327
  678           6.8104        15.18770        -8.37728        -8.37728
  679           8.0251        14.31274        -6.28767        -6.28767
  680            6.232        19.26214       -13.03014       -13.03014
  681           7.2691         9.55922        -2.29009        -2.29009
  682           5.0454        13.00683        -7.96138        -7.96138
  683           3.2343        11.66174        -8.42741        -8.42741
  684            3.649        12.13187        -8.48284        -8.48284
  685           2.3017        12.73259       -10.43092       -10.43092
  686           7.1302        15.47500        -8.34478        -8.34478
  687           9.5274        11.77927        -2.25186        -2.25186
  688           7.7392        13.86873        -6.12951        -6.12951
  689           10.843        13.77731        -2.93421        -2.93421
  690           9.0598        13.39860        -4.33881        -4.33881
  691            12.82        12.43223         0.38827         0.38827
  692           5.4316        19.81062       -14.37901       -14.37901
  693           7.4961        13.63366        -6.13752        -6.13752
  694           4.9297        11.75315        -6.82346        -6.82346
  695           10.761        11.60950        -0.84810        -0.84810
  696           21.473        11.76621         9.70679         9.70679
  697           19.546        12.64117         6.90453         6.90453
  698           31.033        17.49916        13.53384        13.53384
  699           6.9153        12.71953        -5.80428        -5.80428
  700           10.184        13.90791        -3.72411        -3.72411
  701           4.3111         9.76817        -5.45710        -5.45710
  702           8.0269        10.42112        -2.39426        -2.39426
  703           18.528        13.68590         4.84240         4.84240
  704          0.79217         9.40251        -8.61035        -8.61035
  705           4.3121         9.93794        -5.62582        -5.62582
  706           3.6226        10.57783        -6.95526        -6.95526
  707           4.3191         9.55922        -5.24010        -5.24010
  708            4.093         7.03881        -2.94576        -2.94576
  709           9.2572        10.98266        -1.72547        -1.72547
  710           9.2659         8.99768         0.26819         0.26819
  711           9.0732        12.65423        -3.58103        -3.58103
  712           20.396        13.60755         6.78895         6.78895
  713           3.9376         7.39141        -3.45384        -3.45384
  714           10.717        14.22132        -3.50402        -3.50402
  715            3.825        14.43027       -10.60531       -10.60531
  716           85.889         6.35974        79.52956        79.52956
  717           19.905        13.82955         6.07595         6.07595
  718           28.999        19.78451         9.21459         9.21459
  719           22.053        12.19716         9.85614         9.85614
  720           25.559        15.14852        10.41058        10.41058
  721           27.384        14.82204        12.56216        12.56216
  722            20.73        15.74924         4.98116         4.98116
  723           19.171        21.02512        -1.85422        -1.85422
  724           17.396        13.89485         3.50075         3.50075
  725           30.451        20.43746        10.01364        10.01364
  726           30.379        16.21937        14.15983        14.15983
  727           24.948        13.25495        11.69275        11.69275
  728           17.667         7.09105        10.57635        10.57635
  729           18.307        17.15962         1.14768         1.14768
  730           17.669        18.12600        -0.45670        -0.45670
  731           11.001        13.62061        -2.61921        -2.61921
  732           20.687        11.12632         9.56078         9.56078
  733           25.675        21.03818         4.63702         4.63702
  734            13.08        13.60755        -0.52745        -0.52745
  735           12.344        12.43223        -0.08783        -0.08783
  736            14.52        12.40611         2.11339         2.11339
  737           12.546        10.85207         1.69433         1.69433
  738           11.286        10.70842         0.57708         0.57708
  739           7.1474        14.50862        -7.36126        -7.36126
  740           19.051        12.13187         6.91883         6.91883
  741           22.484        11.84457        10.63983        10.63983
  742           27.089        21.03818         6.05052         6.05052
  743           17.015        11.97516         5.04004         5.04004
  744           7.2114        10.34277        -3.13133        -3.13133
  745           19.827        12.10575         7.72095         7.72095
  746           11.982         8.84097         3.14133         3.14133
  747           15.399        17.26410        -1.86560        -1.86560
  748           11.178        11.03490         0.14350         0.14350
  749           14.646        11.87068         2.77522         2.77522
  750           10.511        20.11098        -9.59948        -9.59948
  751           15.399        12.10575         3.29335         3.29335
  752           19.671        11.70092         7.97008         7.97008
  753           11.224        12.78482        -1.56052        -1.56052
  754           8.7361        13.37248        -4.63641        -4.63641
  755           12.173        15.95819        -3.78499        -3.78499
  756           24.542        12.36693        12.17547        12.17547
  757           7.9103        16.38914        -8.47880        -8.47880
  758           59.165        25.34769        33.81761        33.81761
  759            25.25        20.29381         4.95649         4.95649
  760           40.515        20.92065        19.59435        19.59435
  761           23.017        15.01793         7.99907         7.99907
  762           23.705        18.43942         5.26598         5.26598
  763            22.14        13.62061         8.51889         8.51889
  764           19.485        13.98626         5.49854         5.49854
  765           6.7222        16.85926       -10.13709       -10.13709
  766            18.25        15.04405         3.20605         3.20605
  767           29.893        20.79006         9.10334         9.10334
  768           33.554        11.25691        22.29749        22.29749
  769           32.206        10.85207        21.35363        21.35363
  770           26.553        15.00487        11.54773        11.54773
  771            19.28        12.04045         7.23955         7.23955
  772           21.444        15.09628         6.34812         6.34812
  773           34.526        15.16158        19.36402        19.36402
  774           21.085        11.19161         9.89329         9.89329
  775           28.123        16.62420        11.49880        11.49880
  776           38.958        11.20467        27.75303        27.75303
  777           25.675        10.98266        14.69194        14.69194
  778           35.635        19.40579        16.22911        16.22911
  779           40.541         9.11521        31.42529        31.42529
  780           32.352        13.97320        18.37830        18.37830
  781           38.785        15.51418        23.27052        23.27052
  782           6.9833        18.90955       -11.92628       -11.92628
  783           5.9221        16.06266       -10.14054       -10.14054
  784           8.3093        16.41526        -8.10595        -8.10595
  785           20.792        22.12209        -1.32969        -1.32969
  786           10.404        12.98071        -2.57691        -2.57691
  787           17.148        15.71006         1.43794         1.43794
  788           29.335        11.53115        17.80425        17.80425
  789           27.552        17.06821        10.48369        10.48369
  790           29.303        12.77176        16.53104        16.53104
  791           32.042        15.03099        17.01071        17.01071
  792           6.2847        12.82400        -6.53935        -6.53935
  793           7.2508        19.41885       -12.16803       -12.16803
  794           25.726         8.82791        16.89809        16.89809
  795           21.991        11.63562        10.35538        10.35538
  796             18.5         8.00519        10.49491        10.49491
  797           17.754        22.84034        -5.08674        -5.08674
  798           16.991        11.21773         5.77317         5.77317
  799           8.6288        12.48446        -3.85566        -3.85566
  800           8.7005        11.25691        -2.55639        -2.55639
  801           10.259        19.77145        -9.51195        -9.51195
  802           13.895         7.61341         6.28159         6.28159
  803           8.3766        17.13351        -8.75688        -8.75688
  804           23.524        15.51418         8.00992         8.00992
  805           20.174        21.46913        -1.29563        -1.29563
  806            18.48        12.49752         5.98268         5.98268
  807           31.996        15.25299        16.74281        16.74281
  808           21.783        13.32025         8.46315         8.46315
  809           28.593        24.62944         3.96356         3.96356
  810           16.973        15.47500         1.49810         1.49810
  811           19.864         9.58534        10.27836        10.27836
  812           23.074        10.40806        12.66634        12.66634
  813           22.372        11.98822        10.38328        10.38328
  814           21.328        15.48806         5.84024         5.84024
  815           24.213        13.35942        10.85388        10.85388
  816           31.724        15.47500        16.24940        16.24940
  817           23.271        20.95983         2.31147         2.31147
  818           14.965        10.43418         4.53062         4.53062
  819           10.452        14.58698        -4.13528        -4.13528
  820           12.758        13.63366        -0.87556        -0.87556
  821           17.323        18.19129        -0.86829        -0.86829
  822           18.544        18.57001        -0.02641        -0.02641
  823           18.341        16.65032         1.69038         1.69038
  824           25.172        17.96929         7.20231         7.20231
  825           22.671        15.99736         6.67384         6.67384
  826           24.271        10.43418        13.83732        13.83732
  827            19.89        14.27356         5.61694         5.61694
  828           22.424        10.04241        12.38119        12.38119
  829           14.101        17.45998        -3.35908        -3.35908
  830           11.657        16.84621        -5.18901        -5.18901
  831           22.528        20.37217         2.15573         2.15573
  832           28.048        16.61114        11.43646        11.43646
  833           19.119        10.06853         9.05057         9.05057
  834           18.807        12.82400         5.98260         5.98260
  835           18.196        16.96374         1.23186         1.23186
  836           27.741        12.36693        15.37457        15.37457
  837           26.027         8.98462        17.04278        17.04278
  838           27.034         8.99768        18.03612        18.03612
  839           32.697        14.66533        18.03207        18.03207
  840           21.228        19.43191         1.79619         1.79619
  841           26.515        14.82204        11.69346        11.69346
  842           24.822        14.12991        10.69179        10.69179
  843           46.855        15.89289        30.96251        30.96251
  844           76.633        23.38882        53.24418        53.24418
  845           17.999        11.55727         6.44153         6.44153
  846           38.811        26.35324        12.45816        12.45816
  847           91.222        17.74728        73.47422        73.47422
  848           25.885        11.16549        14.71961        14.71961
  849           15.061        12.00128         3.05962         3.05962
  850           23.714        16.16713         7.54667         7.54667
  851           15.032         8.03131         7.00039         7.00039
  852           26.864        14.14297        12.72113        12.72113
  853           40.085         8.90627        31.17843        31.17843
  854           26.387        27.21514        -0.82764        -0.82764
  855           17.297        11.21773         6.07897         6.07897
  856           27.424        14.66533        12.75837        12.75837
  857             31.5        15.00487        16.49533        16.49533
  858           35.309         9.76817        25.54073        25.54073
  859           31.395        11.51809        19.87741        19.87741
  860           22.296        11.36138        10.93472        10.93472
  861           41.327        24.73391        16.59319        16.59319
  862           29.318        11.33526        17.98294        17.98294
  863           111.48         9.58534       101.89366       101.89366
  864           9.9809        11.29608        -1.31516        -1.31516
  865           12.334        12.57588        -0.24188        -0.24188
  866           33.561        11.85763        21.70377        21.70377
  867           45.658        16.78091        28.87699        28.87699
  868           19.242        12.36693         6.87497         6.87497
  869           24.018        10.53866        13.47924        13.47924
  870            16.36        13.13742         3.22258         3.22258
  871           5.9742        11.53115        -5.55692        -5.55692
  872           15.928        11.30914         4.61866         4.61866
  873            35.37        20.22852        15.14128        15.14128
  874           13.681        11.17855         2.50205         2.50205
  875           9.4549        12.10575        -2.65088        -2.65088
  876            15.06        11.13937         3.92043         3.92043
  877           17.256         8.33167         8.92443         8.92443
  878            33.74        14.37803        19.36207        19.36207
  879            24.15        15.09628         9.05402         9.05402
  880           37.729        15.42276        22.30614        22.30614
  881            21.86        11.37444        10.48596        10.48596
  882           68.908        17.06821        51.83939        51.83939
  883           21.779        13.35942         8.41938         8.41938
  884           22.294        11.49197        10.80253        10.80253
  885           34.168        12.49752        21.67018        21.67018
  886           38.121        10.93043        27.19067        27.19067
  887           13.307         8.90627         4.40043         4.40043
  888           45.367        17.62975        27.73715        27.73715
  889           13.178         7.75706         5.42044         5.42044
  890           26.027        16.38914         9.63836         9.63836
  891           20.177        15.78842         4.38888         4.38888
  892           22.222        20.26769         1.95461         1.95461
  893           16.469        11.77927         4.68983         4.68983
  894           20.035         8.91933        11.11617        11.11617
  895           9.2452        13.76426        -4.51905        -4.51905
  896           9.1491        15.71006        -6.56095        -6.56095
  897           13.532        14.86122        -1.32922        -1.32922
  898           15.385        18.17824        -2.79314        -2.79314
  899           19.057        11.17855         7.87825         7.87825
  900            12.12        11.53115         0.58855         0.58855
  901           8.9187        14.92652        -6.00779        -6.00779
  902            16.42        18.94872        -2.52872        -2.52872
  903           14.834        11.26997         3.56353         3.56353
  904           24.584        19.58862         4.99538         4.99538
  905           30.799        22.03067         8.76803         8.76803
  906           22.086        13.32025         8.76575         8.76575
  907           13.447        21.67808        -8.23078        -8.23078
  908           13.246        11.97516         1.27104         1.27104
  909           36.857        14.76981        22.08689        22.08689
  910           31.584        14.95263        16.63097        16.63097
  911           23.887        13.56837        10.31863        10.31863
  912           26.956        21.19489         5.76091         5.76091
  913             37.2        15.27911        21.92129        21.92129
  914           17.397        13.33330         4.06410         4.06410
  915           12.907        21.36466        -8.45756        -8.45756
  916           24.393        15.38359         9.00981         9.00981
  917           22.559        20.84229         1.71641         1.71641
  918           14.405         9.27192         5.13348         5.13348
  919           20.246        10.08159        10.16481        10.16481
  920           8.1337         9.63758        -1.50391        -1.50391
  921           8.9006         7.79624         1.10433         1.10433
  922           6.0565        13.84261        -7.78610        -7.78610
  923           6.7497         8.86709        -2.11740        -2.11740
  924           19.545         9.71593         9.82937         9.82937
  925           8.5179        11.98822        -3.47035        -3.47035
  926           13.701        13.13742         0.56378         0.56378
  927           22.721        11.21773        11.50317        11.50317
  928           21.249        11.87068         9.37872         9.37872
  929           12.813        10.60395         2.20945         2.20945
  930           10.548        11.25691        -0.70911        -0.70911
  931           27.391         8.81485        18.57605        18.57605
  932           22.427        11.13937        11.28753        11.28753
  933           15.559        10.59089         4.96831         4.96831
  934           19.994        14.49557         5.49853         5.49853
  935           19.419        16.10184         3.31756         3.31756
  936            26.11        14.39109        11.71901        11.71901
  937           22.001        13.97320         8.02740         8.02740
  938           15.773        18.71366        -2.94046        -2.94046
  939           17.163        18.50471        -1.34201        -1.34201
  940           19.463        10.02935         9.43335         9.43335
  941           14.418         7.80930         6.60820         6.60820
  942           28.729        16.24549        12.48381        12.48381
  943           22.521        12.86318         9.65832         9.65832
  944           24.752         9.44169        15.31021        15.31021
  945           11.813        16.18019        -4.36679        -4.36679
  946           19.242        14.62616         4.61554         4.61554
  947           38.111        12.44529        25.66611        25.66611
  948           69.057        18.77895        50.27765        50.27765
  949           30.694        18.50471        12.18929        12.18929
  950            26.29        14.79593        11.49427        11.49427
  951           11.417        10.91737         0.49923         0.49923
  952           23.805        12.68035        11.12515        11.12515
  953            39.48        13.63366        25.84664        25.84664
  954           41.185        11.53115        29.65405        29.65405
  955            27.82        12.82400        14.99550        14.99550
  956           27.281        12.36693        14.91407        14.91407
  957           18.194        16.95068         1.24342         1.24342
  958           21.428        10.26441        11.16399        11.16399
  959           16.149        17.19880        -1.05000        -1.05000
  960           13.452         6.20303         7.24897         7.24897
  961           17.254        12.05351         5.20079         5.20079
  962           25.179        18.73978         6.43932         6.43932
  963           29.919        10.98266        18.93644        18.93644
  964           21.179        14.70451         6.47489         6.47489
  965           30.738        15.03099        15.70721        15.70721
  966           36.001        10.31665        25.68455        25.68455
  967           22.456        12.65423         9.80157         9.80157
  968           33.302        10.35583        22.94647        22.94647
  969           38.364        14.02544        24.33866        24.33866
  970           32.286        24.78615         7.49985         7.49985
  971           9.0081        10.59089        -1.58277        -1.58277
  972           7.2678         8.10966        -0.84184        -0.84184
  973           8.7118        12.66729        -3.95549        -3.95549
  974           8.1374        11.10020        -2.96278        -2.96278
  975           7.7356        11.02184        -3.28623        -3.28623
  976           23.446        10.66925        12.77675        12.77675
  977           13.439        13.24189         0.19731         0.19731
  978           7.9124        14.09073        -6.17834        -6.17834
  979           2.5016        17.94152       -15.49078       -15.43993
  980           4.7695        10.44724        -5.67773        -5.67773
  981           3.3473        11.16549        -7.81815        -7.81815
  982           6.3918        12.95459        -6.56284        -6.56284
  983            13.03        13.25495        -0.22505        -0.22505
  984           19.628        12.39305         7.23465         7.23465
  985           13.603        13.93402        -0.33112        -0.33112
  986           20.188        15.68394         4.50426         4.50426
  987           15.425        14.95263         0.47267         0.47267
  988           13.925        18.49165        -4.56625        -4.56625
  989           9.8231        14.78287        -4.95976        -4.95976
  990           6.4052        15.93207        -9.52690        -9.52690
  991           16.096        15.63171         0.46389         0.46389
  992           11.626        16.02348        -4.39738        -4.39738
  993           20.878        14.57392         6.30448         6.30448
  994           16.361        16.11490         0.24650         0.24650
  995           11.003        10.95655         0.04665         0.04665
  996           12.949        14.93958        -1.99078        -1.99078
  997           9.8226        13.51613        -3.69351        -3.69351
  998           4.5448        12.28858        -7.74377        -7.74377
  999           8.2217        12.37999        -4.15828        -4.15828
 1000           23.283        16.41526         6.86744         6.86744
 1001           25.643        19.96733         5.67607         5.67607
 1002           16.059        14.22132         1.83788         1.83788
 1003           17.857        15.23994         2.61666         2.61666
 1004           14.613        16.25855        -1.64525        -1.64525
 1005           18.346        15.81454         2.53106         2.53106
 1006           18.649        14.46945         4.17925         4.17925
 1007              8.4        12.47140        -4.07141        -4.07141
 1008           19.065        16.08878         2.97632         2.97632
 1009           21.708        15.86677         5.84113         5.84113
 1010           14.754        14.10379         0.65021         0.65021
 1011           3.3945        11.80539        -8.41089        -8.41089
 1012           4.9005        13.04600        -8.14547        -8.14547
 1013           7.3667        15.48806        -8.12131        -8.12131
 1014           6.4913        14.66533        -8.17399        -8.17399
 1015           2.6987        16.15407       -13.45542       -13.45542
 1016           8.2508        12.82400        -4.57322        -4.57322
 1017           2.8796        13.00683       -10.12726       -10.12726
 1018             8.43        13.07212        -4.64213        -4.64213
 1019           5.3949        16.23243       -10.83748       -10.83748
 1020           14.358        20.64641        -6.28831        -6.28831
 1021           16.199        14.84816         1.35094         1.35094
 1022           18.717        13.85567         4.86143         4.86143
 1023            14.82        19.17073        -4.35023        -4.35023
 1024           18.692        15.78842         2.90398         2.90398
 1025           8.0201        13.26801        -5.24789        -5.24789
 1026           13.094        17.13351        -4.03911        -4.03911
 1027           9.4828        21.76949       -12.28667       -12.28667
 1028           13.649        14.10379        -0.45429        -0.45429
 1029           15.701        11.62256         4.07854         4.07854
 1030            16.58        13.52919         3.05101         3.05101
 1031           18.817        11.15243         7.66507         7.66507
 1032           12.212        13.51613        -1.30413        -1.30413
 1033           10.983        12.39305        -1.41035        -1.41035
 1034           15.902        14.03850         1.86300         1.86300
 1035           13.421        11.81845         1.60305         1.60305
 1036            17.25        13.56837         3.68203         3.68203
 1037           12.192        15.80148        -3.60908        -3.60908
 1038           18.454        15.74924         2.70526         2.70526
 1039           8.1343        14.07767        -5.94332        -5.94332
 1040           10.732        18.02153        -7.28903        -7.28903
 1041           17.251        16.07572         1.17548         1.17548
 1042           17.653        16.45443         1.19847         1.19847
 1043           20.183        12.58894         7.59436         7.59436
 1044           12.971        15.94513        -2.97383        -2.97383
 1045           11.075        11.93598        -0.86138        -0.86138
 1046           9.4127        11.20467        -1.79197        -1.79197
 1047           3.9878        11.80539        -7.81756        -7.81756
 1048           9.7065        10.93043        -1.22392        -1.22392
 1049           10.748        12.22328        -1.47518        -1.47518
 1050           15.825        12.43223         3.39257         3.39257
 1051           10.143        12.65423        -2.51103        -2.51103
 1052           21.649        12.04045         9.60825         9.60825
 1053           20.139        15.68394         4.45466         4.45466
 1054           17.371        14.71757         2.65363         2.65363
 1055           8.0859        11.84457        -3.75869        -3.75869
 1056           5.0037        10.63007        -5.62633        -5.62633
 1057           8.2951        15.82760        -7.53252        -7.53252
 1058           5.1156        10.72148        -5.60587        -5.60587
 1059           7.3782        10.30359        -2.92537        -2.92537
 1060            3.915         8.30555        -4.39051        -4.39051
 1061           3.5114         8.43614        -4.92469        -4.92469
 1062           6.7778        10.51254        -3.73474        -3.73474
 1063           7.3459         9.07603        -1.73017        -1.73017
 1064           2.3227        13.04600       -10.72327       -10.72327
 1065           8.3613         8.88015        -0.51880        -0.51880
 1066           1.9974        10.72148        -8.72412        -8.72412
 1067           5.7209        11.25691        -5.53598        -5.53598
 1068           8.4875        11.97516        -3.48771        -3.48771
 1069            7.087        11.07408        -3.98704        -3.98704
 1070           6.0918        11.87068        -5.77891        -5.77891
 1071           5.8428         9.83346        -3.99062        -3.99062
 1072           6.3144        11.21773        -4.90335        -4.90335
 1073           7.7862        10.64313        -2.85693        -2.85693
 1074           1.6277        10.04241        -8.41470        -8.41470
 1075           9.9809         9.33722         0.64365         0.64365
 1076           7.2587        13.09824        -5.83955        -5.83955
 1077           5.4347        10.19912        -4.76444        -4.76444
 1078           7.3638        11.97516        -4.61135        -4.61135
 1079           4.4875        12.86318        -8.37568        -8.37568
 1080           4.1149        12.22328        -8.10841        -8.10841
 1081           13.916         8.50143         5.41447         5.41447
 1082           13.558        11.20467         2.35343         2.35343
 1083           11.325         9.15439         2.17021         2.17021
 1084           7.1013         8.71038        -1.60908        -1.60908
 1085             4.09        11.94904        -7.85899        -7.85899
 1086           3.1465        11.26997        -8.12346        -8.12346
 1087           3.1872        10.19912        -7.01192        -7.01192
 1088           4.6984        10.48642        -5.78798        -5.78798
 1089           3.0891         9.06298        -5.97387        -5.97387
 1090           3.8844         4.02949        -5.55564        -0.14510
 1091           3.5199        12.15798        -8.63805        -8.63805
 1092           3.0483        11.83151        -8.78319        -8.78319
 1093           8.2481        12.18410        -3.93601        -3.93601
 1094           8.9166        14.58698        -5.67038        -5.67038
 1095            4.767        13.63366        -8.86667        -8.86667
 1096           2.6761        10.34277        -7.66670        -7.66670
 1097           9.5896        10.96961        -1.38001        -1.38001
 1098           6.7433         8.71038        -1.96709        -1.96709
 1099           12.757        14.66533        -1.90843        -1.90843
 1100            8.716         9.04992        -0.33389        -0.33389
 1101           2.3801        10.40806        -8.02795        -8.02795
 1102           2.7162        15.31829       -12.60206       -12.60206
 1103           3.5135        11.41362        -7.90015        -7.90015
 1104           3.2305        10.59089        -7.36036        -7.36036
 1105           3.8765        10.66925        -6.79277        -6.79277
 1106           2.7515        14.14297       -11.39152       -11.39152
 1107            2.881        10.26441        -7.38338        -7.38338
============================== END OF REPORT ================================

