>>02/12/2019 00:09:28
REGRESSION
----------
SUMMARY OF OUTPUT: SPATIAL LAG MODEL - MAXIMUM LIKELIHOOD ESTIMATION
Data set            : BonusFile
Spatial Weight      : Bonusfile weights
Dependent Variable  :  LSOA2011 A  Number of Observations: 1107
Mean dependent var  :     13.0277  Number of Variables   :    3
S.D. dependent var  :     10.1781  Degrees of Freedom    : 1104
Lag coeff.   (Rho)  :    0.920997

R-squared           :    0.785377  Log likelihood        :    -3432.47
Sq. Correlation     : -            Akaike info criterion :     6870.95
Sigma-square        :     22.2334  Schwarz criterion     :     6885.97
S.E of regression   :     4.71523

-----------------------------------------------------------------------------
       Variable       Coefficient     Std.Error       z-value    Probability
-----------------------------------------------------------------------------
      W_LSOA2011 A      0.920997      0.0113701        81.0016     0.00000
          CONSTANT      0.672135       0.244004        2.75461     0.00588
        IMD only_C       1.05018       0.274121        3.83107     0.00013
-----------------------------------------------------------------------------

REGRESSION DIAGNOSTICS
DIAGNOSTICS FOR HETEROSKEDASTICITY 
RANDOM COEFFICIENTS
TEST                                     DF      VALUE        PROB
Breusch-Pagan test                       1       490.7556     0.00000

DIAGNOSTICS FOR SPATIAL DEPENDENCE
SPATIAL LAG DEPENDENCE FOR WEIGHT MATRIX : Bonusfile weights
TEST                                     DF      VALUE        PROB
Likelihood Ratio Test                    1      1361.1004     0.00000

  OBS      LSOA2011 A        PREDICTED        RESIDUAL       PRED ERROR
    1           4.6755         8.85759        -0.80656        -4.18211
    2           2.6159         9.12462        -2.18838        -6.50874
    3           2.8147         9.05033        -1.71687        -6.23561
    4           4.4925         8.60119         0.07858        -4.10866
    5           4.9463         9.78386         0.88266        -4.83759
    6           4.8039         9.56722         0.76278        -4.76328
    7           3.3573        10.92141        -0.48435        -7.56416
    8           6.7797         9.48845         2.21736        -2.70870
    9           14.242        16.80413         1.75023        -2.56243
   10           6.4747        14.95676        -3.89277        -8.48208
   11           3.8218        13.82276        -0.55747       -10.00101
   12           9.6078        16.43221        -2.15470        -6.82438
   13           5.6252         8.62150        -1.51898        -2.99630
   14           3.6551        13.67401        -1.21211       -10.01889
   15           4.6898        12.58010         0.27974        -7.89029
   16           8.0451        12.14218         0.15468        -4.09705
   17           6.2742        12.77679        -2.85075        -6.50255
   18           6.9993        15.99657        -4.25013        -8.99731
   19          0.86423        10.25156        -4.99899        -9.38734
   20           4.5198        10.57296        -0.64122        -6.05315
   21           4.5078         9.99718         0.35124        -5.48941
   22           3.4931        15.85599        -3.07218       -12.36291
   23           5.5796        14.02617        -0.94822        -8.44657
   24           7.3884         1.72231         5.66614         5.66614
   25           4.5241        12.29248        -2.40106        -7.76835
   26             7.74        15.34685        -1.51894        -7.60683
   27           12.947        14.90489         4.73738        -1.95819
   28           8.0691        15.06342         0.37956        -6.99428
   29           4.4812        14.73478        -3.25239       -10.25360
   30           11.731        15.96609         3.33018        -4.23499
   31           4.1925        15.44993        -4.13269       -11.25744
   32           12.002        16.48835         1.45782        -4.48625
   33           13.127        15.86395         2.82001        -2.73715
   34           4.5724        15.67968        -4.81076       -11.10729
   35           13.636        16.54624         0.88181        -2.91014
   36           18.281        16.41004         5.43997         1.87076
   37           5.4967        16.10625        -2.08064       -10.60953
   38           6.4013        16.01357        -4.20430        -9.61222
   39            7.163        14.22127        -1.94864        -7.05830
   40           13.519        16.57153        -1.58405        -3.05283
   41           14.277        16.63600        -0.21630        -2.35930
   42           10.941        16.15631        -2.43788        -5.21511
   43           9.0905        17.26284        -3.01412        -8.17239
   44           15.322        16.37535         2.37980        -1.05385
   45           18.137        16.25632         3.93972         1.88118
   46            15.47        16.29078         2.81606        -0.82108
   47           15.114        16.17568         0.00286        -1.06198
   48           13.662        15.82390         0.92489        -2.16150
   49           11.277        15.93423        -1.66956        -4.65713
   50           8.9393        16.68277        -1.53841        -7.74349
   51           4.1254        10.46702        -0.93136        -6.34166
   52           9.2043        14.68105         2.12935        -5.47674
   53           7.2449        13.50041        -1.21189        -6.25550
   54           5.5574        12.14669        -2.54917        -6.58930
   55           11.049        10.80828         2.69503         0.24032
   56           7.9219         9.82137         2.15532        -1.89950
   57           5.5598        13.70136        -2.13743        -8.14156
   58           6.5614        12.38908         0.81290        -5.82769
   59           16.453        13.21198         4.03159         3.24142
   60           5.1773        10.68140        -0.34434        -5.50406
   61           3.9343        11.21865        -3.83650        -7.28433
   62           10.772        13.37976         0.74412        -2.60746
   63           9.3492        11.89470        -0.98353        -2.54548
   64           20.672        13.85534         7.93662         6.81696
   65           3.3297        11.17958        -1.41218        -7.84988
   66           5.2686        12.46467        -0.25253        -7.19603
   67           9.0831        12.49568        -1.45977        -3.41254
   68           6.9311        10.96419         0.02946        -4.03306
   69            9.836        14.52843        -2.15069        -4.69247
   70            9.254        11.73523         0.96426        -2.48120
   71           6.4086         9.63010         0.30899        -3.22154
   72           10.172         9.86309         2.78711         0.30891
   73           7.6276        15.98099        -2.18416        -8.35339
   74           16.779        15.44856         5.82255         1.33054
   75           9.0111        16.55926         2.65946        -7.54814
   76           6.6471        14.93416        -1.56572        -8.28702
   77            6.107        16.25800        -3.44478       -10.15104
   78           28.017        14.48762         9.15260        13.52888
   79           23.638        14.37696         8.04222         9.26084
   80           17.764        13.79894         4.17313         3.96466
   81           9.8165        14.61626        -7.84555        -4.79974
   82           11.093        14.33306        -6.17664        -3.24036
   83           6.7759        14.42545        -2.76939        -7.64959
   84           9.8204        13.52642        -1.19547        -3.70603
   85           8.0195        14.03336        -2.46962        -6.01391
   86           15.619        14.80573        -8.86976         0.81297
   87           21.108        16.73937        -0.02240         4.36863
   88           22.003        16.84473         4.84827         5.15827
   89           7.9046        16.70145        -9.04590        -8.79683
   90            20.03        15.50972         1.40597         4.52038
   91           4.0874        16.27270        -2.50108       -12.18529
   92           10.104        15.39020         3.99374        -5.28630
   93           5.0229        17.27146        -3.13680       -12.24856
   94           3.8394        15.07014        -3.22979       -11.23073
   95           2.2541        16.18641        -4.83248       -13.93234
   96           6.7017        17.18161        -1.65781       -10.47993
   97            4.891        17.73440        -3.95139       -12.84341
   98           7.2737        16.82984        -2.89329        -9.55618
   99           3.3386        15.68370        -1.91344       -12.34509
  100           2.7147        15.40339        -2.44540       -12.68867
  101           5.7759        15.61611        -3.15237        -9.84025
  102           3.8279        14.31253        -3.49406       -10.48464
  103           8.3261        14.06250        -1.23492        -5.73643
  104           6.8844        14.53247        -1.41058        -7.64811
  105           7.5943        15.34447        -1.34687        -7.75019
  106           4.2541        15.97191        -1.86164       -11.71784
  107           6.3456        16.36832        -2.55091       -10.02268
  108           14.755        17.75075        -0.11423        -2.99605
  109           18.691        16.66843         4.68538         2.02237
  110           17.133        17.71262         3.03002        -0.58002
  111           13.397        16.97826        -0.94939        -3.58156
  112           9.6074        18.94844        -6.04862        -9.34104
  113           15.071        17.67862        -1.42025        -2.60752
  114           4.4953        14.25387        -2.48247        -9.75853
  115           4.8521        13.77413        -2.98325        -8.92204
  116           6.7984        15.23417        -1.94127        -8.43574
  117           18.995        15.44906         5.38124         3.54624
  118           8.6915        15.03024        -1.25526        -6.33878
  119           13.277        14.48215         1.58390        -1.20485
  120           9.7613        14.48661         2.41170        -4.72534
  121           8.8036        14.20469        -1.19467        -5.40107
  122           4.0287        11.40351        -0.23687        -7.37481
  123            4.961        13.51553        -1.62746        -8.55454
  124           3.2017        13.02324        -2.31347        -9.82158
  125           5.2192        13.55401        -1.24079        -8.33476
  126           5.1195        13.09475        -0.56592        -7.97524
  127           6.5007        13.14799         0.30454        -6.64730
  128           4.6133        12.27190        -1.13326        -7.65859
  129           4.7607        12.78864        -0.52496        -8.02792
  130           4.7133        13.35334        -1.12550        -8.64004
  131           9.8141        15.60608        -2.09919        -5.79194
  132           8.8119        12.76438         2.50944        -3.95249
  133           9.1105        12.50482         1.39722        -3.39430
  134           5.7426        12.79937        -2.16265        -7.05676
  135           9.3519        13.75571         2.12718        -4.40380
  136           4.5961        14.10121        -3.43399        -9.50513
  137           30.148        15.40939         6.50758        14.73861
  138           39.556        16.13221        12.16960        23.42389
  139           17.761        15.15196         1.82044         2.60864
  140           5.1851        14.44725        -3.56469        -9.26218
  141           13.685        15.16534        -3.98866        -1.48074
  142           12.109        14.58711        -1.41655        -2.47781
  143           8.7545        14.70303         1.45384        -5.94855
  144           2.9455        14.67956        -8.49150       -11.73406
  145           6.8281        14.04515        -2.25342        -7.21707
  146           7.7443        13.97470        -0.57712        -6.23036
  147           17.984        15.52132        -2.99889         2.46308
  148            12.13        15.47374        -1.78459        -3.34414
  149           10.406        15.15522        -2.57996        -4.74942
  150           9.3272        16.25304        -2.77526        -6.92586
  151           16.733        14.95085         2.82667         1.78215
  152           9.8676        15.71164        -3.70545        -5.84400
  153           17.727        15.65418         0.16547         2.07262
  154           13.601        15.71321         0.49811        -2.11271
  155           15.433        16.02407         5.94323        -0.59067
  156           17.547        13.80179         9.63767         3.74571
  157           12.553        16.03042        -1.50812        -3.47742
  158           19.853        15.15745         2.23935         4.69535
  159           31.576        15.90171        11.51114        15.67439
  160           9.4206        15.12848        -3.40469        -5.70791
  161           18.268        15.84102         6.53546         2.42678
  162           6.0486        14.96363         2.77116        -8.91507
  163           4.3798        14.64858         1.41749       -10.26874
  164           9.6685        14.32227         0.45019        -4.65375
  165            11.42        14.75370         2.37870        -3.33330
  166           11.694        14.68659         3.49545        -2.99289
  167           43.348        15.46337        27.13629        27.88503
  168           4.7075        15.91790        -3.94768       -11.21037
  169           11.428        14.83274         2.99401        -3.40424
  170           8.9258        14.72502         1.18398        -5.79918
  171           4.1539        15.12227        -4.02070       -10.96834
  172           4.6098        15.80532        -2.59553       -11.19547
  173           12.374        15.92438         3.94128        -3.54988
  174           9.1922        14.86208        -0.16767        -5.66984
  175           9.1387        17.29081        -0.91616        -8.15209
  176           5.3938        18.76080        -6.79950       -13.36703
  177           11.369        17.06539         1.57992        -5.69659
  178           4.6563        15.65449        -2.19800       -10.99818
  179           6.1367        15.95593        -2.15326        -9.81921
  180           10.854        17.63477         1.17721        -6.78027
  181           9.3271        18.33950        -2.58983        -9.01237
  182           7.1876        14.70173        -0.69351        -7.51414
  183           9.1589        14.02273         2.93932        -4.86386
  184           9.5046         5.02413        -1.95224         4.48052
  185           14.216         4.37682         2.92225         9.83938
  186           7.7923         4.56289        -2.51400         3.22939
  187           11.722         5.20466         0.84667         6.51764
  188           9.5918         5.48513        -0.38181         4.10669
  189           19.206        12.34923         3.58750         6.85637
  190           13.463         5.57830         0.22023         7.88490
  191           7.2961        14.60769        -5.73955        -7.31160
  192           13.075        15.95165        -1.27453        -2.87705
  193           7.1673        14.96953        -2.11189        -7.80228
  194           12.073        17.20342        -1.12385        -5.13062
  195           19.095        15.45998         6.08669         3.63532
  196           7.3139        16.41435        -5.47814        -9.10042
  197           16.739        15.75893        -1.18584         0.98047
  198           13.757        14.59803        -2.15714        -0.84073
  199           27.821        12.91403        10.55170        14.90697
  200           13.934        12.00496        -5.11483         1.92944
  201           15.248        13.65431        -2.03501         1.59339
  202           8.9875         3.92096        -0.46142         5.06649
  203           10.861         4.01387         1.20425         6.84683
  204           10.597         3.52135         1.85584         7.07565
  205            21.62         6.68513         6.33546        14.93447
  206           7.4307         4.01389        -0.33414         3.41678
  207           9.9937         4.14710         0.36539         5.84659
  208           4.8231        13.92365        -0.91677        -9.10054
  209           4.8568        13.72760        -0.20944        -8.87084
  210           21.917        15.86691         7.71027         6.04979
  211           5.6505         4.50670        -3.31889         1.14382
  212           21.906         2.91036        10.90268        18.99534
  213           9.0607         4.70269        -4.47289         4.35800
  214           7.9934         3.29543        -1.67891         4.69801
  215           7.4892         4.29066        -3.14040         3.19858
  216           6.6539         3.42844        -0.30015         3.22546
  217           13.628         9.40291        -0.78766         4.22479
  218           13.954        10.44340         0.76051         3.51050
  219           10.347        12.47071        -2.02732        -2.12351
  220           15.466         6.42826         2.27141         9.03784
  221           16.778         6.84713         0.48760         9.93087
  222           13.071         4.51478         1.48265         8.55622
  223           18.922         4.37370         3.76279        14.54860
  224           8.4914         4.25211        -0.03254         4.23929
  225           20.206        15.25333         4.20373         4.95247
  226           22.769        14.32644         4.27960         8.44286
  227           6.6911        14.38849        -0.99280        -7.69735
  228           7.7549        15.29193        -0.76858        -7.53703
  229           9.9781        16.80438        -0.30163        -6.82632
  230           6.5614        14.19267        -0.91671        -7.63122
  231           6.6148        13.73888        -0.12916        -7.12408
  232           6.9244        15.67256        -1.90017        -8.74818
  233           5.3262        14.48143        -1.76554        -9.15528
  234            8.058        18.34086        -3.32264       -10.28288
  235           17.544        18.75005         3.73383        -1.20565
  236           9.3713        16.27009         1.71183        -6.89876
  237           11.861        15.07503        -2.30573        -3.21433
  238             8.09        14.80484        -7.06126        -6.71481
  239           4.1573         9.94377        -2.42038        -5.78646
  240           20.143        15.76571         2.53726         4.37709
  241           36.899        15.56001         8.24029        21.33869
  242           13.318        18.59610         3.48929        -5.27830
  243           7.7676        17.46594        -5.01676        -9.69830
  244           13.308        13.27623        -5.67734         0.03217
  245           40.266        16.37305        12.87616        23.89315
  246           24.944        15.07252        -1.00695         9.87188
  247           30.083        16.01821         3.07964        14.06519
  248           17.256        17.54537         3.05895        -0.28887
  249           3.3281        13.05583        -1.10322        -9.72772
  250           5.1295        14.05863        -0.75835        -8.92909
  251           3.9821        13.74787        -1.94821        -9.76573
  252           3.9532        13.62784        -5.35576        -9.67463
  253           3.8174        13.21552        -1.84203        -9.39808
  254           10.171        14.23939        -5.42334        -4.06849
  255           4.6838        13.32980        -0.61575        -8.64602
  256           18.988        16.33239         1.44495         2.65581
  257            2.877        14.99406        -1.24047       -12.11703
  258           3.2038        12.08413        -1.31304        -8.88037
  259           4.1977        16.28505        -1.18818       -12.08734
  260           15.714        15.27407        -2.04023         0.44013
  261           11.833        11.91833        -0.58691        -0.08523
  262           13.736        13.22826         1.10206         0.50744
  263           19.398        18.76044        -0.06082         0.63746
  264           15.859        19.13063        -0.37208        -3.27153
  265           31.465        19.95441         7.30908        11.51029
  266           25.114        20.35735        -2.19423         4.75685
  267           25.395        18.23970         1.30617         7.15540
  268           29.733        18.92984         3.78325        10.80326
  269           26.675        18.33630         2.64807         8.33850
  270           19.537        16.55338        -0.61796         2.98312
  271           12.348        17.00837        -6.05271        -4.66007
  272           20.289        16.89118         0.71810         3.39752
  273           20.115        15.96724         0.73532         4.14816
  274            24.86        17.37086         6.81780         7.48944
  275           12.958        18.63153         0.96976        -5.67393
  276            2.671        16.40468        -7.92391       -13.73364
  277           5.0382        16.11122        -2.51995       -11.07306
  278           3.5312        16.08530        -2.40287       -12.55410
  279           5.5455        17.09874        -5.03135       -11.55326
  280           6.6047        15.87869         1.70548        -9.27398
  281           7.5668        17.04292        -0.87082        -9.47608
  282           21.031        17.59116         2.52324         3.43954
  283           13.607        17.12235        -0.82706        -3.51545
  284            22.96        18.17161         3.20161         4.78889
  285           18.869        19.03207        -3.40626        -0.16327
  286           15.503        18.10085        -1.30981        -2.59795
  287             16.1        16.61453         0.26261        -0.51453
  288           11.538        15.27053        -2.32844        -3.73233
  289           4.3983        11.82935        -1.36406        -7.43103
  290           6.3996        12.45189        -2.66801        -6.05226
  291           12.835        11.42183         2.86835         1.41267
  292           6.2451        13.13982        -2.21910        -6.89470
  293           8.1066        14.63686        -0.57231        -6.53029
  294           8.4743        19.15605        -9.67100       -10.68173
  295           5.6086        16.01644        -0.91966       -10.40785
  296           4.5229        13.00979        -5.97456        -8.48694
  297           7.6433        14.51340         0.22839        -6.87014
  298           16.584        14.58066         7.52903         2.00354
  299           17.451        14.82845         9.72088         2.62235
  300            8.799        15.58320        -1.84029        -6.78420
  301           6.3156        15.82994        -3.87169        -9.51435
  302           12.034        15.24418         1.36098        -3.21008
  303           7.0135        15.30999        -5.23964        -8.29651
  304           10.366        16.00110        -5.36699        -5.63500
  305           10.718        14.44995         2.45346        -3.73175
  306           11.614        15.41596        -8.04258        -3.80226
  307           34.632        16.93049         9.35586        17.70191
  308           12.925        11.40672         3.68994         1.51788
  309           4.7633        11.36785        -1.19891        -6.60451
  310           4.8477        10.85233        -0.68565        -6.00462
  311           4.8733        10.60175        -1.70163        -5.72841
  312           8.6718        10.88404         1.99686        -2.21225
  313           6.3709        11.58014         0.32022        -5.20923
  314           10.545        11.00728         3.44875        -0.46228
  315           3.2611        10.84319        -1.34026        -7.58214
  316            4.027        10.50816        -0.31800        -6.48116
  317           7.7924        10.61821         0.75366        -2.82576
  318           6.1719        11.50251         0.00659        -5.33060
  319           9.7145        11.46603        -0.05257        -1.75153
  320           8.4277        11.52923        -1.32355        -3.10154
  321           10.911        11.88103         1.31371        -0.97003
  322           18.144        12.49132         7.30194         5.65258
  323           18.159        12.86877         5.60017         5.28973
  324           16.896        12.68436         2.50549         4.21124
  325            3.484        11.47059        -4.58824        -7.98655
  326           13.846        13.83635        -0.73699         0.00955
  327             5.63        15.76979        -6.43576       -10.13974
  328           6.3488        14.89839        -1.62229        -8.54958
  329           9.2876        14.81903        -0.27440        -5.53144
  330           4.8111        14.26932        -2.29785        -9.45826
  331           6.3524        14.42465        -1.33041        -8.07228
  332           7.2866        14.12531        -0.70040        -6.83867
  333           9.0884        14.82986        -0.13132        -5.74145
  334           15.036        14.95388        -1.47325         0.08172
  335           10.694        15.09943        -0.64955        -4.40583
  336           12.171        15.05668        -2.18811        -2.88548
  337           24.439        15.47651         1.75153         8.96229
  338           19.552        15.26241        -1.69149         4.28919
  339           22.349        14.71218         4.68837         7.63732
  340           18.588        14.32632         1.94064         4.26138
  341           17.624        15.18197        -1.54160         2.44163
  342           10.524        15.11681        -2.77262        -4.59331
  343           6.8365        14.77269        -2.27060        -7.93617
  344           6.1177        14.01431        -1.22080        -7.89665
  345           6.0422        15.29489        -1.86205        -9.25271
  346           5.8453        14.37122        -1.32389        -8.52590
  347           7.4411        15.36607         0.36751        -7.92497
  348           6.8892        14.78480        -0.79414        -7.89563
  349           7.8529        14.04654         0.10620        -6.19365
  350           2.6057        11.86352        -2.53177        -9.25786
  351           4.1469        11.32193         0.35780        -7.17504
  352           4.5165        10.98395        -1.29454        -6.46747
  353           5.2456        11.93499        -1.98300        -6.68935
  354           6.1275        11.61677        -0.81779        -5.48924
  355           12.489        11.71505         6.05777         0.77435
  356           3.7173        12.31908        -1.39526        -8.60182
  357           2.9095        12.61385        -2.86539        -9.70435
  358           4.8265        11.41144        -1.54900        -6.58494
  359           6.9007        11.66782         0.72074        -4.76713
  360           8.0844        11.45118         1.13820        -3.36678
  361           4.5202        12.27951        -1.75642        -7.75936
  362           3.5534        13.00959        -0.84586        -9.45616
  363           7.0128        13.76701        -8.09357        -6.75421
  364           12.969        13.67533         1.54529        -0.70633
  365           16.091        15.04876        -0.69903         1.04214
  366           23.609        15.39967         2.96772         8.20953
  367           8.7111        14.11366        -4.25539        -5.40252
  368           15.632        14.82596         2.68348         0.80594
  369            13.33        13.94520        -0.70518        -0.61520
  370           9.7848        12.98018        -1.25017        -3.19543
  371           9.5278        13.31811        -4.05389        -3.79029
  372           19.503        13.16023         2.99911         6.34247
  373           8.7229        12.41715        -6.21500        -3.69427
  374           17.736        13.43626         6.19455         4.30004
  375            19.73        13.24162         2.49229         6.48818
  376           20.076        13.79935         3.11867         6.27675
  377           24.773        14.36940         6.01714        10.40400
  378           3.0852        13.13623        -3.74130       -10.05105
  379            6.178        13.70417        -1.06603        -7.52621
  380           8.1774        13.42311         1.57662        -5.24568
  381           2.8279        12.86536        -3.71232       -10.03747
  382           8.7665        13.34488         2.47672        -4.57839
  383           5.8766        13.58047        -1.29215        -7.70382
  384           6.1109        12.75147         0.93212        -6.64060
  385           5.8403        11.75378         0.66588        -5.91345
  386            3.257        12.54490        -2.79435        -9.28790
  387           4.4253        11.92455        -0.34894        -7.49923
  388           3.7575        12.22082        -2.65309        -8.46329
  389           6.7736        12.95448         0.74737        -6.18088
  390           4.8808        11.67230        -2.26504        -6.79150
  391           3.6348        11.54593        -1.26964        -7.91116
  392           10.313        14.60450        -1.69556        -4.29150
  393           18.788        15.60046         2.35455         3.18794
  394           15.195        13.89298         1.20950         1.30202
  395           14.757        15.50860         2.11063        -0.75130
  396           1.0872        14.31020        -7.03514       -13.22304
  397           14.321        13.94154         0.56751         0.37906
  398           28.861        17.41098         5.79701        11.45032
  399           4.3638        15.47525        -1.23585       -11.11147
  400           2.5909        16.42490        -4.17926       -13.83399
  401           5.8922        15.46938         0.30694        -9.57713
  402            6.751        14.45843        -2.52223        -7.70744
  403           3.6788        14.82240        -3.04134       -11.14360
  404           5.8679        15.73098        -1.23148        -9.86310
  405           5.1741        13.82459        -2.98014        -8.65051
  406            19.42        14.94718         0.92169         4.47292
  407           27.692        15.44398         5.31616        12.24792
  408           9.3431        14.92276        -1.02915        -5.57962
  409           13.096        15.57457         0.16872        -2.47897
  410           22.062        16.21772         2.42907         5.84468
  411            11.52        15.54976        -2.70372        -4.03006
  412           32.454        16.73553         6.87452        15.71847
  413            19.37        15.36520        -0.68425         4.00500
  414           5.4172        12.80718        -0.38812        -7.38994
  415           7.9471        14.27313         1.53980        -6.32603
  416           4.4987        13.56677        -1.52397        -9.06809
  417           3.9269        14.05573        -3.44699       -10.12879
  418           7.4391        14.86754        -0.47815        -7.42844
  419           7.8256        14.81558         0.31168        -6.98995
  420           7.7111        14.66988         0.58844        -6.95878
  421            20.79        15.78689         2.69823         5.00281
  422           11.178        15.30886        -1.10228        -4.13136
  423           4.3118        15.40226        -2.50459       -11.09050
  424           13.078        15.14799         1.27077        -2.06959
  425           8.5424        14.95584        -0.36868        -6.41344
  426           9.5604        15.12427         2.84390        -5.56383
  427           8.4169        15.22162        -0.87839        -6.80471
  428           4.9731        14.96223        -1.21711        -9.98914
  429            4.587        14.07953        -2.67801        -9.49250
  430           5.3413        14.21336        -3.86730        -8.87203
  431           15.168        15.52136        -4.28625        -0.35306
  432            9.693        14.56511        -3.53157        -4.87208
  433           3.7311        14.55215        -4.83733       -10.82102
  434           11.719        14.22275         1.64657        -2.50405
  435           17.981        14.26942        -0.67827         3.71168
  436           22.096        13.60100         5.91612         8.49530
  437           23.298        14.43499         7.57849         8.86321
  438           20.655        13.42320         3.23190         7.23200
  439           25.913        14.62954         5.93864        11.28386
  440             22.3        14.85840         5.11910         7.44210
  441           14.769        12.82468         0.27042         1.94442
  442           31.532        17.06736         7.05014        14.46494
  443           17.667        16.13047         5.13395         1.53693
  444           16.658        16.63127        -3.03579         0.02663
  445           12.591        15.33898         2.79839        -2.74748
  446           16.185        15.37456        -1.66214         0.81084
  447           4.2772        15.92617        -5.11171       -11.64898
  448           4.7271        16.22734        -8.58841       -11.50026
  449           2.7654        14.40150        -2.49833       -11.63608
  450           3.8228        13.83209        -2.41215       -10.00929
  451           8.9818        14.55881         2.85359        -5.57700
  452           3.3481        15.33109        -2.46300       -11.98301
  453           7.4855        15.02523         0.79473        -7.53972
  454           8.8133        16.00905         1.43041        -7.19580
  455            2.382        15.44461        -3.72542       -13.06262
  456           8.1019        14.40628        -1.37539        -6.30443
  457           9.8802        14.10644        -0.43543        -4.22620
  458           5.3398        14.17274        -1.74543        -8.83291
  459           11.849        14.98317         2.26577        -3.13447
  460           14.399        13.27320         4.68666         1.12630
  461           12.752        15.16518        -2.95633        -2.41318
  462           6.2709        14.42332        -0.91125        -8.15246
  463            10.48        14.58195        -1.10561        -4.10165
  464             14.7        13.42260         3.26453         1.27790
  465           10.385        14.08979        -4.15929        -3.70499
  466            14.88        13.54498         3.31339         1.33552
  467           4.4902        13.19617        -4.10433        -8.70600
  468           7.5752        13.92712         0.00611        -6.35193
  469           11.076        15.14112         0.71404        -4.06522
  470           9.5126        14.39108         0.46904        -4.87846
  471           1.5081        12.86397        -2.64681       -11.35591
  472           15.782        14.37521         3.17153         1.40639
  473           40.534        17.97765        19.49331        22.55665
  474           6.7869        14.76758        -1.52635        -7.98065
  475           26.333        18.91330         3.92739         7.42010
  476           12.457        15.73072         1.74563        -3.27382
  477            7.033        14.44851        -0.55559        -7.41547
  478           14.171        18.50044        -7.76990        -4.32974
  479           7.3906        14.95458        -5.86234        -7.56399
  480           31.917        15.42141        10.45315        16.49529
  481           16.231        15.00256         1.33007         1.22884
  482           13.145        17.02403         2.74568        -3.87913
  483             7.46        16.19013        -2.10649        -8.73012
  484           8.2028        14.71760         2.03865        -6.51479
  485           4.5869        16.02104        -3.47418       -11.43418
  486            6.753        15.76085        -1.20050        -9.00783
  487           4.8654        16.08031        -2.72846       -11.21492
  488           6.3986        15.75730        -0.24191        -9.35871
  489           7.0149        16.55792         0.22897        -9.54301
  490           7.4355        15.37395         0.62197        -7.93844
  491           5.7512        16.16046        -1.24217       -10.40925
  492           3.8584        14.52288        -0.87654       -10.66444
  493           3.0149        13.36724        -0.33550       -10.35235
  494           2.5171        13.49239        -2.06372       -10.97529
  495            4.821        14.08152         0.52294        -9.26051
  496           4.0769        14.57552        -1.61991       -10.49859
  497           6.6856        14.18779        -1.94884        -7.50219
  498           4.7284        14.87236        -2.33675       -10.14398
  499           7.4282        14.49770         1.28268        -7.06948
  500           5.8299        14.35925        -0.55054        -8.52932
  501           3.4836        14.56434        -2.57374       -11.08071
  502           5.8107        14.66003        -1.68413        -8.84932
  503           16.953        15.59235        -2.39399         1.36055
  504           8.9103        14.26819         2.04739        -5.35790
  505           9.0879        15.10250         0.02259        -6.01456
  506           8.5049        14.72242        -1.22532        -6.21747
  507           3.4708        16.26719        -3.95693       -12.79639
  508            3.681        16.57581        -3.09448       -12.89479
  509           5.2242        15.42663        -1.32597       -10.20240
  510             9.07        16.21408         0.89978        -7.14410
  511           5.9227        15.73675        -0.75360        -9.81408
  512           7.4865        15.41355         0.01805        -7.92701
  513           6.9095        14.88183         0.11790        -7.97236
  514           5.8748        15.02947        -1.66610        -9.15471
  515           5.8879        14.75685        -1.20715        -8.86894
  516           4.9585        14.35544        -1.70258        -9.39694
  517           4.9428        14.02897        -1.01831        -9.08612
  518           7.3862        15.23677        -0.03656        -7.85058
  519           14.571        15.08203         4.29355        -0.51143
  520           11.056        15.76074         0.99084        -4.70444
  521            9.591        14.64366         1.19039        -5.05262
  522           4.9151        14.93033        -2.64315       -10.01522
  523           8.7013        15.11491         2.15010        -6.41365
  524           5.7834        15.35923        -2.51193        -9.57587
  525           4.3092        15.13810        -4.09446       -10.82887
  526           5.2047        13.61454        -0.07228        -8.40986
  527           5.3149        14.23634        -0.73117        -8.92141
  528           9.7142        14.74958         0.90442        -5.03537
  529           14.538        14.78028         3.95424        -0.24258
  530           5.9746        14.40884        -0.13380        -8.43420
  531           2.2615        14.01724        -4.66662       -11.75570
  532          0.79461        13.49627        -2.00061       -12.70166
  533            2.627        13.41840        -0.50099       -10.79144
  534           1.5723        13.87241        -2.46492       -12.30012
  535           5.5635        13.93476         1.93501        -8.37130
  536           3.1784        12.54744        -5.02093        -9.36909
  537           17.973        12.47248         5.37658         5.50072
  538           11.742        12.57340         0.71346        -0.83090
  539           12.302        12.39123         1.75726        -0.08933
  540           12.527        15.02471         1.57092        -2.49801
  541           7.6975        14.57628        -1.88728        -6.87876
  542           9.0668        16.43628        -1.74330        -7.36945
  543           5.3028        15.40166        -4.23253       -10.09886
  544           10.482        16.58962        -2.99707        -6.10792
  545           14.649        15.36743         2.30711        -0.71843
  546           17.338        16.67481         3.36729         0.66289
  547           12.866        16.65732         0.74916        -3.79102
  548           14.486        16.67713         2.32081        -2.19103
  549           24.755        16.49340         1.07994         8.26190
  550            8.614        12.63905        -1.12318        -4.02507
  551           10.298        13.45582        -0.56735        -3.15772
  552           10.176        13.17646        -0.23640        -3.00086
  553           12.387        14.64764        -0.67984        -2.26094
  554           13.386        15.69747         0.24654        -2.31107
  555           10.324        13.93445        -0.89790        -3.61025
  556           4.2796        13.00789        -3.61262        -8.72825
  557           12.832        15.23392         2.34795        -2.40212
  558           5.5085        14.91056        -4.02514        -9.40203
  559            3.569        14.43640        -6.88202       -10.86738
  560           9.4161        13.23209         2.16460        -3.81597
  561           1.1773        13.73666        -3.85755       -12.55940
  562           8.3893        13.76868         0.97120        -5.37935
  563           4.4175        13.92092        -2.57191        -9.50343
  564           5.2486        13.13622        -0.52214        -7.88761
  565            7.221        14.79076        -5.35079        -7.56981
  566           13.662        13.26737         3.26838         0.39473
  567           12.698        13.86347         1.26040        -1.16577
  568           14.658        13.53109         2.14158         1.12671
  569           10.801        12.63562         0.29882        -1.83472
  570           10.373        12.67173        -1.89157        -2.29913
  571           13.101        15.09113         3.92159        -1.99033
  572            17.74        14.08686         7.13583         3.65334
  573           2.2466        13.86629        -6.96533       -11.61971
  574           7.8228        11.58094         0.34429        -3.75815
  575           5.3525        12.50594        -2.16629        -7.15347
  576          0.89155        13.49564        -4.72850       -12.60409
  577            6.081        12.14976        -0.92189        -6.06872
  578           5.4165        12.19397        -0.80214        -6.77751
  579            5.963        11.90919        -1.51597        -5.94621
  580           6.9491        11.99815        -2.51607        -5.04901
  581           11.253        11.92021         3.31626        -0.66721
  582           13.348        12.55583         3.17358         0.79167
  583           12.775        13.00708         1.69782        -0.23248
  584           5.1164        10.60798        -0.78526        -5.49156
  585           3.4386        10.23453        -1.89025        -6.79590
  586            6.182        11.63825        -2.48888        -5.45625
  587           10.809        11.71955         1.92091        -0.91105
  588           7.6987        11.00112        -0.09214        -3.30242
  589           13.671        12.44483         2.90463         1.22647
  590           9.1383        11.70076         1.44980        -2.56242
  591           11.136        11.41866         2.83737        -0.28226
  592           3.1146        11.81887        -2.19573        -8.70424
  593           2.7393        11.52678        -0.52386        -8.78744
  594           8.5563        11.43798         2.30296        -2.88170
  595           2.6996        11.25544        -2.43698        -8.55581
  596           2.5003        10.54254        -4.43200        -8.04224
  597           10.565        13.21347         2.86325        -2.64817
  598            14.38        13.99386         4.93740         0.38644
  599           5.4883        12.36186         1.95273        -6.87351
  600           1.5368        12.17750        -2.82739       -10.64075
  601           3.6243        12.20765        -1.85523        -8.58336
  602           4.4733        12.71087        -3.48452        -8.23760
  603           11.503        13.63338         2.63662        -2.13028
  604           10.177        12.24634         1.26484        -2.06984
  605            5.019        11.80406        -0.23924        -6.78505
  606           3.1956        10.90700        -0.77893        -7.71136
  607           3.1189        10.64745        -0.50772        -7.52856
  608           2.5531        10.28413        -0.99693        -7.73099
  609           4.1642        11.45844        -2.00232        -7.29423
  610           2.9415        12.35194        -6.18916        -9.41039
  611           3.9417        14.57622        -2.39663       -10.63456
  612           3.7184        14.17630        -1.32949       -10.45787
  613           5.9654        15.40259        -4.62411        -9.43715
  614           10.441        15.88791         0.09913        -5.44671
  615           8.5236        15.85024        -7.94047        -7.32663
  616           29.503        16.94599        12.29901        12.55661
  617           12.486        14.42423        -1.71294        -1.93793
  618           2.0605        13.81047        -5.49203       -11.74999
  619           17.252        13.79024         4.30417         3.46166
  620           5.2193        13.82939        -2.89585        -8.61008
  621           11.076        13.96952         0.83800        -2.89312
  622           10.636        13.93354        -0.52996        -3.29704
  623           12.775        12.83559         1.83661        -0.06039
  624           10.852        13.94232         3.11194        -3.08982
  625           5.6394        12.37827        -2.23829        -6.73887
  626           5.7749        12.66047        -1.33201        -6.88557
  627           8.8108        12.18437         1.17963        -3.37360
  628           14.165        12.72502         5.18015         1.44028
  629           7.6979        12.67237         0.62145        -4.97447
  630           1.6723        11.43831        -3.69597        -9.76604
  631           10.833        12.26555         3.62670        -1.43245
  632           10.451        12.35048         1.13246        -1.89928
  633           3.8223        10.93736        -1.69273        -7.11506
  634           3.2651        11.16643        -0.70604        -7.90135
  635            2.568        11.12317        -0.92175        -8.55514
  636           3.2221        10.83394        -1.09616        -7.61182
  637           3.5944        11.14900        -0.14493        -7.55459
  638           7.5621        11.68096         0.04722        -4.11885
  639            3.417        10.64548        -1.19935        -7.22845
  640           10.812        15.17528         2.54313        -4.36358
  641           13.183        14.48952         3.06954        -1.30642
  642           11.374        15.25446         1.06592        -3.88046
  643           7.2221        16.28578        -1.20886        -9.06372
  644           12.676        14.61109         2.90604        -1.93549
  645             9.41        16.16359        -1.13723        -6.75362
  646           4.5279        13.18907        -0.32797        -8.66117
  647           9.1972        13.20750         2.87600        -4.01033
  648            4.716        13.86469         0.77351        -9.14865
  649           4.8904        13.99041        -0.12119        -9.10005
  650           4.5058        13.75321        -1.27647        -9.24739
  651           5.8686        13.49091        -1.29653        -7.62235
  652           1.2993        13.74580        -3.00137       -12.44652
  653           4.5183        13.75985        -2.12387        -9.24157
  654           25.695        16.20323         9.45951         9.49137
  655           14.629        15.93474         1.01573        -1.30584
  656           6.6337        15.71346        -7.16902        -9.07981
  657           5.1061        15.21853        -3.34033       -10.11243
  658           2.8888        14.40101        -5.83644       -11.51223
  659           6.6151        15.15805        -4.51459        -8.54290
  660           11.564        14.96639         2.90398        -3.40199
  661           5.1731        14.41858        -6.82445        -9.24547
  662           11.922        14.81876         1.30424        -2.89716
  663           4.9862        15.28503        -3.83072       -10.29885
  664           5.9321        14.93005        -0.20344        -8.99791
  665           4.7096        14.83706        -1.75786       -10.12744
  666           4.8637        15.42212        -3.20748       -10.55838
  667           7.3452        14.79326         0.75761        -7.44803
  668           9.4361        14.70980         0.34705        -5.27372
  669           5.9263        15.18000        -1.65781        -9.25374
  670           3.2311        10.44459        -2.44719        -7.21348
  671           6.6619        10.47336         0.41672        -3.81151
  672           10.933        11.13233         3.37723        -0.19973
  673           4.7592        12.59138        -1.92330        -7.83216
  674           10.358        12.50778         1.10346        -2.15018
  675           11.479        11.53954         4.05077        -0.06064
  676           7.7764        12.22425         0.50214        -4.44786
  677            10.07        12.11865         1.33447        -2.04895
  678           6.8104        12.52998        -1.78366        -5.71956
  679           8.0251        13.65864        -1.21717        -5.63357
  680            6.232        14.03724        -5.93574        -7.80524
  681           7.2691        11.28487         0.20473        -4.01574
  682           5.0454        11.61877        -1.49562        -6.57332
  683           3.2343        10.87981        -1.43509        -7.64548
  684            3.649        11.31163        -3.28457        -7.66260
  685           2.3017        11.58260        -2.46013        -9.28093
  686           7.1302        11.77540        -0.36714        -4.64518
  687           9.5274        11.35875         0.75947        -1.83134
  688           7.7392        14.21662        -1.87948        -6.47740
  689           10.843        15.07101        -0.12662        -4.22791
  690           9.0598        14.08166        -0.40567        -5.02187
  691            12.82        14.72671         2.47323        -1.90621
  692           5.4316        13.35469        -0.93520        -7.92308
  693           7.4961        13.32187        -0.60799        -5.82573
  694           4.9297        12.90957        -2.52665        -7.97988
  695           10.761        14.07194         1.58676        -3.31054
  696           21.473        15.05633         3.66277         6.41667
  697           19.546        15.24965         1.97835         4.29605
  698           31.033        16.41023         9.87514        14.62277
  699           6.9153        14.37063        -3.60635        -7.45538
  700           10.184        15.46813        -3.21499        -5.28433
  701           4.3111        12.70641        -5.68256        -8.39534
  702           8.0269        13.67170        -3.62704        -5.64484
  703           18.528        14.91370         2.75591         3.61460
  704          0.79217        14.02083        -5.04044       -13.22866
  705           4.3121        15.20446        -3.94433       -10.89234
  706           3.6226        14.61416        -0.88363       -10.99159
  707           4.3191        11.66993        -4.01472        -7.35081
  708            4.093        13.73237        -2.97504        -9.63932
  709           9.2572        13.42874        -1.68823        -4.17155
  710           9.2659        16.14481        -0.20899        -6.87894
  711           9.0732        15.14937        -2.64789        -6.07617
  712           20.396        15.40330         4.14767         4.99320
  713           3.9376        11.86699        -0.53337        -7.92942
  714           10.717        15.18776         0.16728        -4.47046
  715            3.825        12.25239        -1.29808        -8.42743
  716           85.889        11.44887        37.93754        74.44043
  717           19.905        19.63500        -1.10832         0.27050
  718           28.999        19.99458         3.33022         9.00452
  719           22.053        19.42468         0.76830         2.62862
  720           25.559        19.75039         2.89113         5.80871
  721           27.384        19.36500        -0.51802         8.01920
  722            20.73        20.08078        -0.98216         0.64962
  723           19.171        19.05393         1.75317         0.11697
  724           17.396        18.78411        -1.96396        -1.38851
  725           30.451        20.52389         3.97207         9.92721
  726           30.379        18.94732         1.83817        11.43188
  727           24.948        19.04511         1.11728         5.90259
  728           17.667        19.97229         0.30602        -2.30489
  729           18.307        20.04730        -1.19318        -1.74000
  730           17.669        19.95579        -0.03927        -2.28649
  731           11.001        20.25307        -7.23483        -9.25167
  732           20.687        19.91636         0.76418         0.77074
  733           25.675        20.23171         2.89894         5.44349
  734            13.08        19.33170        -2.84398        -6.25160
  735           12.344        19.38425        -7.89849        -7.03985
  736            14.52        19.26811        -2.50755        -4.74861
  737           12.546        19.47552        -2.42746        -6.92912
  738           11.286        20.13300        -4.55499        -8.84750
  739           7.1474        19.34895        -4.52512       -12.20159
  740           19.051        19.77160         1.58787        -0.72090
  741           22.484        19.46840         0.81802         3.01600
  742           27.089        19.91008         4.75344         7.17862
  743           17.015        19.68296        -0.56483        -2.66776
  744           7.2114        19.27352        -3.97133       -12.06208
  745           19.827        19.96375        -0.18426        -0.13705
  746           11.982        19.46632        -2.36523        -7.48402
  747           15.399        19.60991        -1.48702        -4.21141
  748           11.178        19.23682        -0.91370        -8.05842
  749           14.646        19.52951         0.55141        -4.88361
  750           10.511        19.02115        -5.16931        -8.50965
  751           15.399        19.23255        -0.84104        -3.83345
  752           19.671        15.75869         4.84963         3.91231
  753           11.224        18.04791        -6.57472        -6.82361
  754           8.7361        16.63424        -6.97973        -7.89817
  755           12.173        17.07470        -3.86111        -4.90150
  756           24.542        18.96322         7.36844         5.57918
  757           7.9103        16.26527        -6.42152        -8.35493
  758           59.165        17.87827        26.60842        41.28703
  759            25.25        17.35321        -4.31674         7.89709
  760           40.515        17.24391        11.61399        23.27109
  761           23.017        15.38604         5.19730         7.63096
  762           23.705        14.46225         4.48896         9.24315
  763            22.14        15.35319         1.67577         6.78631
  764           19.485        15.58982        -3.10365         3.89498
  765           6.7222        15.84231        -5.93137        -9.12014
  766            18.25        16.40756        -1.83827         1.84254
  767           29.893        19.91115         7.66250         9.98225
  768           33.554        20.50475         3.80941        13.04965
  769           32.206        20.97500         1.28627        11.23070
  770           26.553        20.15674        -0.38173         6.39586
  771            19.28        18.92432         0.92199         0.35568
  772           21.444        20.48503        -0.13288         0.95937
  773           34.526        20.76353         4.83029        13.76207
  774           21.085        20.22442        -0.87824         0.86048
  775           28.123        19.30448        -1.42146         8.81852
  776           38.958        20.31201         4.92043        18.64569
  777           25.675        19.46706        -0.04247         6.20754
  778           35.635        19.76680         3.06538        15.86810
  779           40.541        20.70550         5.00035        19.83500
  780           32.352        20.76835        -0.12392        11.58315
  781           38.785        20.37646         4.41656        18.40824
  782           6.9833        19.33380        -3.02040       -12.35053
  783           5.9221        19.71947        -4.34241       -13.79735
  784           8.3093        18.56143        -5.95380       -10.25212
  785           20.792        17.45475         3.27594         3.33765
  786           10.404        18.90530        -5.60610        -8.50150
  787           17.148        19.36836        -0.23829        -2.22036
  788           29.335        18.41902         6.92971        10.91638
  789           27.552        19.14624        11.30370         8.40566
  790           29.303        18.26797         8.88881        11.03483
  791           32.042        19.56488         6.82238        12.47682
  792           6.2847        19.22326        -3.39682       -12.93861
  793           7.2508        20.32367        -8.33938       -13.07285
  794           25.726        17.72076         9.23994         8.00524
  795           21.991        19.03216         1.66569         2.95884
  796             18.5        18.60525        -2.44636        -0.10515
  797           17.754        17.99227         2.51515        -0.23867
  798           16.991        19.03603         0.74913        -2.04513
  799           8.6288        18.64607        -7.21347       -10.01727
  800           8.7005        18.26862        -5.49450        -9.56810
  801           10.259        17.00708        -2.77624        -6.74758
  802           13.895        16.95084         2.10928        -3.05584
  803           8.3766        16.33388        -4.22665        -7.95725
  804           23.524        16.72983         4.67435         6.79427
  805           20.174        15.51650        -1.54889         4.65700
  806            18.48        11.76766        -3.87845         6.71254
  807           31.996        19.86231         3.38646        12.13349
  808           21.783        18.42842         3.51599         3.35498
  809           28.593        18.04878         5.85916        10.54422
  810           16.973        18.91025        -6.65385        -1.93715
  811           19.864        19.39644        -6.87405         0.46726
  812           23.074        17.80224         1.86126         5.27216
  813           22.372        19.31570        -2.53945         3.05580
  814           21.328        18.84798         1.24408         2.48032
  815           24.213        17.62206        -1.96556         6.59124
  816           31.724        18.99275         5.91614        12.73165
  817           23.271        18.73536         0.62723         4.53594
  818           14.965        18.03761        -0.43053        -3.07281
  819           10.452        17.58743        -1.59925        -7.13573
  820           12.758        17.41519        -4.32169        -4.65709
  821           17.323        16.81955        -3.52893         0.50345
  822           18.544        17.22140        -2.19967         1.32220
  823           18.341        17.24224        -2.01623         1.09846
  824           25.172        16.94493         4.93312         8.22667
  825           22.671        16.74260        -0.94467         5.92860
  826           24.271        16.78989         4.06023         7.48161
  827            19.89        17.00026        -2.34691         2.89024
  828           22.424        18.37137        -1.51825         4.05223
  829           14.101        11.59063        -2.54199         2.51027
  830           11.657        11.67695        -8.23684        -0.01975
  831           22.528        11.11929       -23.99028        11.40861
  832           28.048        12.08802        -1.60487        15.95958
  833           19.119        14.82740        -7.28506         4.29170
  834           18.807        12.99726        -0.63284         5.80934
  835           18.196        13.45123        -1.06072         4.74437
  836           27.741        16.79726         2.00993        10.94424
  837           26.027        16.28626         2.28133         9.74114
  838           27.034        15.25438         3.44356        11.77942
  839           32.697        15.42252         8.52537        17.27488
  840           21.228        16.11494        -3.06810         5.11316
  841           26.515        16.35219        -0.73629        10.16331
  842           24.822        16.57999         1.86521         8.24171
  843           46.855        17.78509        -1.53066        29.07031
  844           76.633        14.56899        10.26249        62.06401
  845           17.999        18.62241       -15.89422        -0.62361
  846           38.811        17.19867        -1.87816        21.61273
  847           91.222        14.96564        35.79280        76.25586
  848           25.885        21.74680         2.29730         4.13830
  849           15.061        21.08779        -8.58528        -6.02689
  850           23.714        19.79186         0.02204         3.92194
  851           15.032        21.20857        -6.09085        -6.17687
  852           26.864        21.67874        -2.32935         5.18536
  853           40.085        21.14926         0.39307        18.93544
  854           26.387        19.56697       -10.87712         6.82053
  855           17.297        20.65749        -3.72531        -3.36079
  856           27.424        15.04680        -2.39416        12.37690
  857             31.5        16.76736         0.18768        14.73284
  858           35.309        18.75346         5.25003        16.55544
  859           31.395        17.77190         4.75420        13.62360
  860           22.296        17.70134        -2.89540         4.59476
  861           41.327        15.70668         5.49045        25.62042
  862           29.318        17.87618         0.39803        11.44202
  863           111.48        12.19259        60.89027        99.28641
  864           9.9809        17.95841        -6.38182        -7.97749
  865           12.334        17.43150        -4.05322        -5.09750
  866           33.561        14.96249        -1.02122        18.59891
  867           45.658        13.17556         0.26522        32.48234
  868           19.242        16.43344        -3.24970         2.80846
  869           24.018        17.16810         1.96481         6.84980
  870            16.36        18.17219        -1.46223        -1.81219
  871           5.9742        17.67568       -10.65628       -11.70145
  872           15.928        18.35257        -0.95084        -2.42477
  873            35.37        19.88953         5.43930        15.48027
  874           13.681        17.08414        -4.09227        -3.40354
  875           9.4549        17.23213        -3.46554        -7.77726
  876            15.06        16.59587        -6.25994        -1.53607
  877           17.256        19.10227        -2.64129        -1.84617
  878            33.74        20.96233         6.06981        12.77777
  879            24.15        20.19996         2.87374         3.95034
  880           37.729        20.79968         2.64527        16.92922
  881            21.86        20.33055        -0.37770         1.52985
  882           68.908        17.31098        15.37511        51.59662
  883           21.779        20.36354         2.75461         1.41526
  884           22.294        15.61246         0.55467         6.68204
  885           34.168        15.63218         9.91773        18.53552
  886           38.121        15.54242        10.20390        22.57868
  887           13.307        14.49635        -9.04159        -1.18965
  888           45.367        15.64969        10.19622        29.71721
  889           13.178        14.13240         0.26247        -0.95490
  890           26.027        14.41556        -0.06187        11.61194
  891           20.177        13.13331         3.66750         7.04399
  892           22.222        13.57930         2.17384         8.64300
  893           16.469        11.97935        -1.37413         4.48975
  894           20.035        12.10723         0.77154         7.92827
  895           9.2452        16.90961        -6.52047        -7.66440
  896           9.1491        16.03711        -2.51099        -6.88800
  897           13.532        16.48690        -0.57274        -2.95490
  898           15.385        17.28261         0.77830        -1.89751
  899           19.057        18.37722         0.84214         0.67958
  900            12.12        16.12686        -2.32834        -4.00716
  901           8.9187        16.24693        -2.30207        -7.32820
  902            16.42        17.63568        -2.55822        -1.21568
  903           14.834        16.73282        -5.02986        -1.89932
  904           24.584        19.77530         1.02575         4.80870
  905           30.799        20.05071         3.90996        10.74799
  906           22.086        19.24886        -0.23212         2.83714
  907           13.447        17.60521        -3.98174        -4.15791
  908           13.246        18.79861        -5.42481        -5.55241
  909           36.857        20.54278         7.56319        16.31392
  910           31.584        19.12712         3.36793        12.45648
  911           23.887        15.88540         2.97158         8.00160
  912           26.956        16.70453        -0.21558        10.25127
  913             37.2        18.47236        -6.74980        18.72804
  914           17.397        17.99424        -2.96594        -0.59684
  915           12.907        16.55578        -4.74415        -3.64868
  916           24.393        17.20908         2.82956         7.18432
  917           22.559        18.02145        -4.81382         4.53725
  918           14.405        12.71564        -0.62928         1.68976
  919           20.246        12.79386         1.35152         7.45254
  920           8.1337        13.27103        -1.49603        -5.13736
  921           8.9006        13.13769        -3.12059        -4.23712
  922           6.0565        13.35697        -5.27514        -7.30046
  923           6.7497        12.51482        -5.01839        -5.76513
  924           19.545        15.18177         3.21980         4.36353
  925           8.5179        15.34714        -3.24362        -6.82927
  926           13.701        13.46443        -2.63809         0.23677
  927           22.721        12.22365         4.68293        10.49725
  928           21.249        12.68576         3.33151         8.56364
  929           12.813        14.71434        -1.77374        -1.90094
  930           10.548        13.79677        -4.58452        -3.24897
  931           27.391        17.28853         4.40343        10.10237
  932           22.427        12.53345         5.62817         9.89345
  933           15.559        11.38516         1.08016         4.17404
  934           19.994        16.28077         0.70784         3.71333
  935           19.419        16.61141         2.01213         2.80799
  936            26.11        16.22126         4.88280         9.88884
  937           22.001        16.91735         2.30741         5.08325
  938           15.773        16.71094        -1.30400        -0.93774
  939           17.163        17.18985         1.06546        -0.02715
  940           19.463        18.38459         1.70788         1.07811
  941           14.418        19.12056         3.30640        -4.70306
  942           28.729        18.34342         2.65668        10.38588
  943           22.521        13.44939         5.01954         9.07211
  944           24.752        13.12569         3.12675        11.62621
  945           11.813        15.23014        -5.24750        -3.41674
  946           19.242        17.43496        -7.49752         1.80674
  947           38.111        16.78056         6.58601        21.33084
  948           69.057        16.52021        20.15198        52.53639
  949           30.694        19.14998         5.29687        11.54402
  950            26.29        18.70547         4.44620         7.58473
  951           11.417        14.31815        -2.02208        -2.90155
  952           23.805        14.17411        -7.76801         9.63139
  953            39.48        13.30842        10.52704        26.17188
  954           41.185        16.76574        -2.95001        24.41946
  955            27.82        20.09967        -1.42311         7.71983
  956           27.281        21.01458        -0.83723         6.26642
  957           18.194        17.16811         3.26052         1.02599
  958           21.428        18.63583         1.69021         2.79257
  959           16.149        17.03147         2.62603        -0.88267
  960           13.452        17.07443        -2.27747        -3.62243
  961           17.254        17.10396         3.49868         0.15034
  962           25.179         1.40726        23.77184        23.77184
  963           29.919        21.51601         0.20104         8.40309
  964           21.179        15.30286         5.50006         5.87654
  965           30.738        17.83075         5.46108        12.90745
  966           36.001        16.95164         6.56915        19.04956
  967           22.456        15.11603         5.18783         7.33977
  968           33.302        15.94611         8.54612        17.35619
  969           38.364        16.26206        14.39336        22.10204
  970           32.286        16.71922        14.49597        15.56678
  971           9.0081        15.99052         0.11409        -6.98240
  972           7.2678        16.61958        -1.09176        -9.35176
  973           8.7118        16.61081       -10.29733        -7.89901
  974           8.1374        15.90087        -4.17077        -7.76345
  975           7.7356        16.19207        -2.01418        -8.45646
  976           23.446        16.52377        10.03164         6.92223
  977           13.439        16.59707        -4.03609        -3.15787
  978           7.9124        16.45917        -1.43014        -8.54678
  979           2.5016        17.17672        -3.83138       -14.67513
  980           4.7695        17.67203        -2.12134       -12.90252
  981           3.3473        15.58827        -3.21338       -12.24093
  982           6.3918        15.08054        -0.41543        -8.68879
  983            13.03        14.52820        -3.39000        -1.49830
  984           19.628        14.69258         3.16110         4.93512
  985           13.603        14.17082        -2.09022        -0.56792
  986           20.188        14.62705         4.23864         5.56115
  987           15.425        14.06156         1.98750         1.36374
  988           13.925        14.36463        -0.82398        -0.43923
  989           9.8231        13.98572        -0.14830        -4.16261
  990           6.4052        13.47217        -2.79950        -7.06700
  991           16.096        17.13370         1.15545        -1.03810
  992           11.626        17.91087        -3.07670        -6.28477
  993           20.878        18.67738         5.52567         2.20102
  994           16.361        17.60153         3.06263        -1.24013
  995           11.003        19.02586        -3.51739        -8.02266
  996           12.949        18.28204         0.27721        -5.33324
  997           9.8226        16.21845         0.69475        -6.39583
  998           4.5448        15.19166        -2.12905       -10.64685
  999           8.2217        15.71746         0.00081        -7.49575
 1000           23.283        14.80570         5.46065         8.47700
 1001           25.643        15.26611         8.23666        10.37729
 1002           16.059        14.91474        -3.88697         1.14446
 1003           17.857        14.79311         4.03463         3.06349
 1004           14.613        14.37821        -1.86056         0.23509
 1005           18.346        15.58288        -0.07732         2.76272
 1006           18.649        14.52783         4.18557         4.12087
 1007              8.4        14.06798        -3.63125        -5.66799
 1008           19.065        13.82512         3.20286         5.23998
 1009           21.708        13.55068         5.25682         8.15722
 1010           14.754        13.87194        -0.44525         0.88206
 1011           3.3945        15.03150        -3.82983       -11.63700
 1012           4.9005        14.97915        -1.95540       -10.07862
 1013           7.3667        14.11527         0.51189        -6.74852
 1014           6.4913        14.82728        -0.00565        -8.33594
 1015           2.6987        14.84540        -4.61041       -12.14675
 1016           8.2508        15.21136         2.62531        -6.96058
 1017           2.8796        15.01591        -2.99908       -12.13634
 1018             8.43        14.62829         0.18808        -6.19830
 1019           5.3949        12.84167        -6.87389        -7.44672
 1020           14.358        13.67411         0.60490         0.68399
 1021           16.199        13.93841         1.60107         2.26069
 1022           18.717        14.63594         2.11756         4.08116
 1023            14.82        14.00365         1.06661         0.81685
 1024           18.692        14.41374         4.19905         4.27866
 1025           8.0201        14.50581        -2.89978        -6.48569
 1026           13.094        13.54820         1.51562        -0.45380
 1027           9.4828        14.17884        -1.67060        -4.69602
 1028           13.649        14.62534        -1.47223        -0.97584
 1029           15.701        14.60332        -1.89482         1.09778
 1030            16.58        15.34924         0.65690         1.23096
 1031           18.817        14.41679         2.19855         4.40071
 1032           12.212        14.14354        -0.22575        -1.93154
 1033           10.983        13.77666        -2.82277        -2.79396
 1034           15.902        13.68588         2.38046         2.21562
 1035           13.421        14.76222        -3.04381        -1.34072
 1036            17.25        14.90892        -0.10202         2.34148
 1037           12.192        16.51712        -2.47099        -4.32472
 1038           18.454        16.17098         2.05072         2.28352
 1039           8.1343        14.79896        -2.61797        -6.66461
 1040           10.732        16.37497         1.57264        -5.64247
 1041           17.251        14.52985         3.44511         2.72135
 1042           17.653        15.65834         1.13977         1.99456
 1043           20.183        15.28927         2.63736         4.89403
 1044           12.971        15.77861        -1.36286        -2.80731
 1045           11.075        14.10038        -3.90608        -3.02578
 1046           9.4127        15.10722        -0.31994        -5.69452
 1047           3.9878        14.94698        -4.29360       -10.95915
 1048           9.7065        14.81637         0.67869        -5.10986
 1049           10.748        13.38894        -3.80800        -2.64084
 1050           15.825        13.67204         2.50932         2.15276
 1051           10.143        14.06623        -3.91703        -3.92303
 1052           21.649        13.87785         3.83727         7.77085
 1053           20.139        15.00563         1.48333         5.13297
 1054           17.371        14.90622         2.39116         2.46498
 1055           8.0859        15.63276        -2.75782        -7.54688
 1056           5.0037        15.91508        -8.81922       -10.91134
 1057           8.2951        15.40323        -0.19902        -7.10815
 1058           5.1156        14.80417        -2.21055        -9.68856
 1059           7.3782        15.79999        -1.65107        -8.42177
 1060            3.915        13.76085        -1.37238        -9.84581
 1061           3.5114        13.34328        -2.14210        -9.83183
 1062           6.7778        13.61674         1.90461        -6.83894
 1063           7.3459        14.06832         0.96536        -6.72246
 1064           2.3227        12.60109        -3.79626       -10.27836
 1065           8.3613        12.80255         1.12212        -4.44120
 1066           1.9974        12.88376        -2.37672       -10.88640
 1067           5.7209        15.94744        -1.09246       -10.22651
 1068           8.4875        15.84011         1.19762        -7.35266
 1069            7.087        17.21487        -0.34940       -10.12783
 1070           6.0918        15.58861        -1.30322        -9.49684
 1071           5.8428        17.55100        -1.49994       -11.70816
 1072           6.3144        16.42949        -0.40461       -10.11511
 1073           7.7862        15.99735         1.62652        -8.21115
 1074           1.6277        16.84462        -4.51441       -15.21691
 1075           9.9809        16.08363         2.16354        -6.10276
 1076           7.2587        16.32968        -1.84248        -9.07099
 1077           5.4347        16.77364        -2.76212       -11.33896
 1078           7.3638        13.37464         1.43623        -6.01083
 1079           4.4875        14.71078        -2.25167       -10.22328
 1080           4.1149        14.10123        -1.37677        -9.98636
 1081           13.916        17.57626         3.05044        -3.66036
 1082           13.558        17.39517         3.48263        -3.83707
 1083           11.325        17.42844         1.26124        -6.10384
 1084           7.1013        16.54100        -0.10552        -9.43970
 1085             4.09        16.57902        -3.19223       -12.48897
 1086           3.1465        15.99075        -0.90560       -12.84424
 1087           3.1872        16.53842        -1.89069       -13.35122
 1088           4.6984        17.85984        -0.21976       -13.16140
 1089           3.0891        17.34550        -1.47075       -14.25639
 1090           3.8844        17.20436        -1.92551       -13.31997
 1091           3.5199        17.89294        -3.32422       -14.37301
 1092           3.0483        16.09631        -3.02099       -13.04799
 1093           8.2481        14.48249         3.62662        -6.23440
 1094           8.9166        16.96162        -0.80778        -8.04502
 1095            4.767        15.75166        -3.76286       -10.98467
 1096           2.6761        13.46680        -3.44119       -10.79073
 1097           9.5896        14.36051         2.93608        -4.77091
 1098           6.7433        12.17111        -1.58292        -5.42782
 1099           12.757        13.54307         6.57094        -0.78617
 1100            8.716        12.62425         2.45485        -3.90822
 1101           2.3801        13.66585        -2.14059       -11.28574
 1102           2.7162        11.64022         0.34651        -8.92399
 1103           3.5135        12.75851        -2.13611        -9.24504
 1104           3.2305        14.08966        -1.22677       -10.85913
 1105           3.8765        16.13772        -1.55120       -12.26124
 1106           2.7515        16.45458        -1.90862       -13.70313
 1107            2.881        14.68799        -2.66410       -11.80696
============================== END OF REPORT ================================

