>>01/12/2019 23:46:51
REGRESSION
----------
SUMMARY OF OUTPUT: SPATIAL LAG MODEL - MAXIMUM LIKELIHOOD ESTIMATION
Data set            : BonusFile
Spatial Weight      : Bonusfile weights
Dependent Variable  :  LSOA2011 A  Number of Observations: 1107
Mean dependent var  :     13.0277  Number of Variables   :    3
S.D. dependent var  :     10.1781  Degrees of Freedom    : 1104
Lag coeff.   (Rho)  :    0.922491

R-squared           :    0.783621  Log likelihood        :    -3437.85
Sq. Correlation     : -            Akaike info criterion :      6881.7
Sigma-square        :     22.4153  Schwarz criterion     :     6896.73
S.E of regression   :     4.73448

-----------------------------------------------------------------------------
       Variable       Coefficient     Std.Error       z-value    Probability
-----------------------------------------------------------------------------
      W_LSOA2011 A      0.922491      0.0113431        81.3261     0.00000
          CONSTANT       1.15857       0.219963        5.26712     0.00000
        IMD only_H      0.514455       0.261374        1.96827     0.04904
-----------------------------------------------------------------------------

REGRESSION DIAGNOSTICS
DIAGNOSTICS FOR HETEROSKEDASTICITY 
RANDOM COEFFICIENTS
TEST                                     DF      VALUE        PROB
Breusch-Pagan test                       1         1.8256     0.17664

DIAGNOSTICS FOR SPATIAL DEPENDENCE
SPATIAL LAG DEPENDENCE FOR WEIGHT MATRIX : Bonusfile weights
TEST                                     DF      VALUE        PROB
Likelihood Ratio Test                    1      1336.8651     0.00000

  OBS      LSOA2011 A        PREDICTED        RESIDUAL       PRED ERROR
    1           4.6755        12.58181        -1.35684        -7.90633
    2           2.6159        12.36186        -3.05542        -9.74598
    3           2.8147        12.27213        -1.90549        -9.45741
    4           4.4925        12.35900        -0.57975        -7.86647
    5           4.9463        12.98126        -0.04151        -8.03499
    6           4.8039        12.97203        -0.57752        -8.16809
    7           3.3573        13.77113        -1.71684       -10.41388
    8           6.7797        12.17133         1.55649        -5.39158
    9           14.242        15.26009         2.60747        -1.01839
   10           6.4747        14.69318        -3.87358        -8.21850
   11           3.8218        14.62041        -1.05911       -10.79866
   12           9.6078        15.73287        -1.92281        -6.12504
   13           5.6252        12.14505        -2.39901        -6.51985
   14           3.6551        14.47083        -1.55331       -10.81571
   15           4.6898        13.90968        -0.43463        -9.21987
   16           8.0451        15.11570        -0.29661        -7.07057
   17           6.2742        15.12509        -2.88099        -8.85085
   18           6.9993        15.82238        -3.64810        -8.82312
   19          0.86423        12.52860        -5.38866       -11.66437
   20           4.5198        11.97775         0.11124        -7.45794
   21           4.5078        12.35192        -0.09629        -7.84415
   22           3.4931        14.01952        -2.05329       -10.52644
   23           5.5796        13.55818        -0.39917        -7.97858
   24           7.3884         1.36435         6.02410         6.02410
   25           4.5241        13.39821        -2.32715        -8.87408
   26             7.74        14.98845        -1.38818        -7.24843
   27           12.947        14.62710         4.75777        -1.68040
   28           8.0691        14.80496         0.61347        -6.73582
   29           4.4812        15.03906        -3.37408       -10.55788
   30           11.731        16.33597         3.05536        -4.60487
   31           4.1925        15.92419        -4.15016       -11.73170
   32           12.002        15.77695         1.80146        -3.77485
   33           13.127        15.01844         3.15715        -1.89164
   34           4.5724        15.46981        -4.88369       -10.89742
   35           13.636        12.72739         1.78318         0.90871
   36           18.281        13.90493         5.45974         4.37587
   37           5.4967        13.60260        -1.42350        -8.10588
   38           6.4013        13.16826        -3.87454        -6.76691
   39            7.163        12.78430        -2.30132        -5.62133
   40           13.519        13.83390        -1.83207        -0.31520
   41           14.277        13.46351         0.16780         0.81319
   42           10.941        13.11210        -2.58481        -2.17090
   43           9.0905        15.50521        -1.88524        -6.41476
   44           15.322        15.35485         2.55603        -0.03335
   45           18.137        14.82776         4.16306         3.30974
   46            15.47        15.41904         2.42227         0.05066
   47           15.114        14.37479         0.01435         0.73891
   48           13.662        14.26671         0.72985        -0.60431
   49           11.277        14.99034        -2.22276        -3.71324
   50           8.9393        14.94204        -1.25529        -6.00276
   51           4.1254        12.52420        -1.32661        -8.39884
   52           9.2043        13.64501         2.41570        -4.44070
   53           7.2449        13.19189        -0.92779        -5.94698
   54           5.5574        12.94038        -2.21076        -7.38299
   55           11.049        12.62155         2.55855        -1.57295
   56           7.9219        12.47410         1.44565        -4.55223
   57           5.5598        13.77605        -2.15617        -8.21625
   58           6.5614        13.65841         0.48405        -7.09702
   59           16.453        13.33823         4.10119         3.11517
   60           5.1773        12.66525        -0.63975        -7.48791
   61           3.9343        12.82195        -4.39968        -8.88763
   62           10.772        13.60514         0.76386        -2.83284
   63           9.3492        12.71162        -1.02033        -3.36240
   64           20.672        13.46962         8.16694         7.20268
   65           3.3297        13.34678        -2.17164       -10.01708
   66           5.2686        13.87376        -1.06240        -8.60512
   67           9.0831        12.89693        -1.12530        -3.81379
   68           6.9311        12.29280         0.57331        -5.36167
   69            9.836        13.53718        -1.50071        -3.70122
   70            9.254        12.71743         0.98222        -3.46340
   71           6.4086        12.74168         0.28824        -6.33312
   72           10.172        12.68788         2.28749        -2.51588
   73           7.6276        14.81062        -2.31152        -7.18302
   74           16.779        14.24323         6.31986         2.53587
   75           9.0111        14.49383         2.95157        -5.48271
   76           6.6471        14.29992        -1.43326        -7.65278
   77            6.107        14.70002        -3.20471        -8.59306
   78           28.017        15.52839         9.10885        12.48811
   79           23.638        15.66956         7.58761         7.96824
   80           17.764        15.27449         3.71489         2.48911
   81           9.8165        15.89521        -8.09083        -6.07869
   82           11.093        15.86036        -6.52417        -4.76766
   83           6.7759        15.11131        -2.26978        -8.33545
   84           9.8204        15.31216        -2.01195        -5.49177
   85           8.0195        15.36571        -2.55123        -7.34626
   86           15.619        14.89203        -9.70350         0.72667
   87           21.108        13.57307         0.30408         7.53493
   88           22.003        13.12390         5.53672         8.87910
   89           7.9046        12.68418        -7.88951        -4.77956
   90            20.03        13.70800         1.46551         6.32210
   91           4.0874        14.78597        -2.57407       -10.69856
   92           10.104        15.06206         3.28811        -4.95816
   93           5.0229        14.18210        -2.11361        -9.15920
   94           3.8394        14.47007        -2.73076       -10.63066
   95           2.2541        14.58078        -4.38263       -12.32671
   96           6.7017        15.16958        -1.57474        -8.46790
   97            4.891        15.17625        -3.07674       -10.28526
   98           7.2737        14.46021        -2.50217        -7.18655
   99           3.3386        14.78351        -2.14089       -11.44490
  100           2.7147        14.79792        -2.61896       -12.08320
  101           5.7759        14.54737        -3.22456        -8.77151
  102           3.8279        13.56248        -4.15022        -9.73459
  103           8.3261        13.07676        -1.11383        -4.75069
  104           6.8844        13.73720        -1.54696        -6.85284
  105           7.5943        14.50325        -1.37223        -6.90897
  106           4.2541        14.80086        -1.56685       -10.54679
  107           6.3456        14.84638        -1.99421        -8.50074
  108           14.755        13.86601         0.63627         0.88869
  109           18.691        13.51454         4.44144         5.17626
  110           17.133        14.18611         3.30956         2.94649
  111           13.397        15.06477        -0.66565        -1.66807
  112           9.6074        14.76778        -5.07754        -5.16038
  113           15.071        13.90561        -1.09084         1.16549
  114           4.4953        14.38721        -2.03704        -9.89187
  115           4.8521        14.67777        -3.11430        -9.82568
  116           6.7984        15.09277        -1.34206        -8.29434
  117           18.995        15.43428         5.82739         3.56102
  118           8.6915        14.64781        -0.81924        -5.95635
  119           13.277        15.17351         1.71302        -1.89621
  120           9.7613        14.93508         2.02421        -5.17381
  121           8.8036        14.67572        -1.38527        -5.87210
  122           4.0287        13.81047        -0.89037        -9.78177
  123            4.961        14.53560        -1.65589        -9.57461
  124           3.2017        13.96958        -2.08063       -10.76792
  125           5.2192        14.64018        -1.05404        -9.42093
  126           5.1195        14.15735        -0.53455        -9.03784
  127           6.5007        14.81732        -0.29375        -8.31663
  128           4.6133        13.77542        -0.78872        -9.16211
  129           4.7607        14.10015        -0.54898        -9.33943
  130           4.7133        14.76122        -1.56888       -10.04792
  131           9.8141        15.45009        -1.02375        -5.63595
  132           8.8119        15.74615         1.70749        -6.93426
  133           9.1105        15.35474         0.89936        -6.24422
  134           5.7426        15.50631        -2.76600        -9.76370
  135           9.3519        15.45149         2.15606        -6.09958
  136           4.5961        15.66062        -3.40642       -11.06454
  137           30.148        15.98288         6.46527        14.16512
  138           39.556        16.01571        12.48823        23.54039
  139           17.761        15.91151         1.83978         1.84909
  140           5.1851        15.38185        -3.48685       -10.19678
  141           13.685        15.98608        -4.60326        -2.30148
  142           12.109        15.74259        -1.55223        -3.63329
  143           8.7545        15.42089         1.12247        -6.66641
  144           2.9455        15.77303        -8.83417       -12.82753
  145           6.8281        15.50388        -2.69517        -8.67580
  146           7.7443        15.19329        -0.55003        -7.44895
  147           17.984        16.25345        -3.19811         1.73095
  148            12.13        16.41603        -1.86486        -4.28643
  149           10.406        15.93205        -3.19155        -5.52625
  150           9.3272        15.92018        -3.00922        -6.59300
  151           16.733        16.38467         2.11298         0.34833
  152           9.8676        16.29736        -3.94640        -6.42972
  153           17.727        16.51252        -0.07735         1.21428
  154           13.601        16.29767         0.57349        -2.69717
  155           15.433        12.59275         6.59037         2.84065
  156           17.547        12.62386         9.70769         4.92364
  157           12.553        13.38329        -1.54178        -0.83029
  158           19.853        14.60743         1.99415         5.24537
  159           31.576        14.00986        11.73416        17.56624
  160           9.4206        14.12922        -3.59298        -4.70865
  161           18.268        14.23338         7.19045         4.03442
  162           6.0486        14.86097         2.33424        -8.81241
  163           4.3798        14.34652         1.17997        -9.96668
  164           9.6685        14.52209        -0.41483        -4.85357
  165            11.42        14.13482         2.71100        -2.71442
  166           11.694        14.12072         3.26552        -2.42702
  167           43.348        14.84489        27.83316        28.50351
  168           4.7075        15.25991        -3.24315       -10.55238
  169           11.428        15.49784         2.75451        -4.06934
  170           8.9258        15.68248         0.21617        -6.75664
  171           4.1539        15.37979        -3.94192       -11.22586
  172           4.6098        15.34805        -2.30481       -10.73820
  173           12.374        15.74279         4.39583        -3.36829
  174           9.1922        15.85433        -0.92312        -6.66209
  175           9.1387        16.80553        -0.93413        -7.66681
  176           5.3938        16.99588        -6.66660       -11.60211
  177           11.369        16.52847         1.87106        -5.15967
  178           4.6563        15.48663        -2.06793       -10.83032
  179           6.1367        16.28661        -2.64517       -10.14989
  180           10.854        16.62954         2.05280        -5.77504
  181           9.3271        17.04558        -2.34441        -7.71845
  182           7.1876        15.83162        -1.03271        -8.64403
  183           9.1589        15.73611         1.92024        -6.57724
  184           9.5046        15.28332        -2.81859        -5.77867
  185           14.216        14.83464         1.73371        -0.61844
  186           7.7923        15.02576        -3.90672        -7.23348
  187           11.722        14.68526         0.71529        -2.96296
  188           9.5918        14.65686        -0.36198        -5.06504
  189           19.206        15.55599         4.28993         3.64961
  190           13.463        15.23765        -0.91084        -1.77445
  191           7.2961        15.85262        -5.50972        -8.55653
  192           13.075        16.52362        -1.03995        -3.44902
  193           7.1673        16.07031        -1.97427        -8.90306
  194           12.073        16.38142        -0.15797        -4.30862
  195           19.095        16.37950         6.16682         2.71580
  196           7.3139        16.32239        -4.98150        -9.00846
  197           16.739        16.51426        -1.48070         0.22514
  198           13.757        16.21159        -2.08861        -2.45429
  199           27.821        15.98844        10.30705        11.83256
  200           13.934        15.91113        -5.46985        -1.97673
  201           15.248        16.02055        -1.54566        -0.77285
  202           8.9875        14.19527        -1.27995        -5.20782
  203           10.861        14.18515         0.33164        -3.32445
  204           10.597        13.87236         0.76515        -3.27536
  205            21.62        15.07855         3.71697         6.54105
  206           7.4307        14.78854        -1.35802        -7.35787
  207           9.9937        14.40068        -0.45573        -4.40699
  208           4.8231        14.13442        -0.46933        -9.31131
  209           4.8568        14.38015        -0.33600        -9.52339
  210           21.917        14.12201         8.20691         7.79469
  211           5.6505        14.92081        -3.87023        -9.27029
  212           21.906        14.57965         8.39402         7.32605
  213           9.0607        15.01932        -4.81667        -5.95863
  214           7.9934        14.63957        -3.07979        -6.64613
  215           7.4892        15.05033        -4.00311        -7.56109
  216           6.6539        14.57235        -1.74577        -7.91845
  217           13.628        14.86511        -1.24953        -1.23741
  218           13.954        15.22232        -0.48255        -1.26842
  219           10.347        15.31509        -1.95765        -4.96789
  220           15.466        14.80700         0.97231         0.65910
  221           16.778        14.78470         0.07643         1.99330
  222           13.071        14.81621         0.45027        -1.74521
  223           18.922        14.77629         2.72462         4.14601
  224           8.4914        14.51617        -0.53171        -6.02477
  225           20.206        15.05067         4.48478         5.15513
  226           22.769        13.75263         3.18458         9.01667
  227           6.6911        15.80617        -1.59580        -9.11503
  228           7.7549        16.14700        -1.26545        -8.39210
  229           9.9781        16.16882         0.29967        -6.19076
  230           6.5614        15.62166        -1.47023        -9.06021
  231           6.6148        15.57576        -0.84042        -8.96096
  232           6.9244        15.89746        -1.60517        -8.97308
  233           5.3262        15.34338        -1.84853       -10.01723
  234            8.058        16.89354        -2.97805        -8.83556
  235           17.544        16.68927         4.17737         0.85513
  236           9.3713        14.30848         2.21449        -4.93715
  237           11.861        13.99444        -2.50079        -2.13374
  238             8.09        13.61896        -7.31625        -5.52893
  239           4.1573        12.95753        -3.43774        -8.80022
  240           20.143        13.34512         2.54470         6.79768
  241           36.899        14.98352         9.21876        21.91518
  242           13.318        14.91514         3.99073        -1.59734
  243           7.7676        14.72243        -4.73967        -6.95479
  244           13.308        15.20928        -6.93209        -1.90088
  245           40.266        15.99022        13.40286        24.27598
  246           24.944        15.21915        -0.74893         9.72525
  247           30.083        16.03502         3.18852        14.04838
  248           17.256        14.24387         3.80823         3.01263
  249           3.3281        15.10582        -1.70324       -11.77771
  250           5.1295        15.08449        -0.46779        -9.95495
  251           3.9821        15.40135        -2.54377       -11.41921
  252           3.9532        15.15309        -5.86080       -11.19988
  253           3.8174        15.20612        -2.02329       -11.38868
  254           10.171        15.82987        -5.97624        -5.65897
  255           4.6838        15.35909        -1.32237       -10.67531
  256           18.988        13.14379         1.87325         5.84441
  257            2.877        13.46660        -0.99848       -10.58957
  258           3.2038        13.05023        -1.06940        -9.84647
  259           4.1977        14.47453        -0.68183       -10.27682
  260           15.714        16.52649        -2.07988        -0.81229
  261           11.833        15.93383        -1.51085        -4.10073
  262           13.736        16.11882         0.54248        -2.38312
  263           19.398        18.27305        -1.14362         1.12485
  264           15.859        17.71076         0.33165        -1.85166
  265           31.465        17.78786         8.21034        13.67684
  266           25.114        18.00607        -1.55991         7.10813
  267           25.395        17.63202         0.67886         7.76308
  268           29.733        17.89406         3.94528        11.83904
  269           26.675        17.90019         2.54910         8.77461
  270           19.537        16.92828        -0.66151         2.60822
  271           12.348        17.67483        -6.61016        -5.32653
  272           20.289        16.93617         1.15230         3.35253
  273           20.115        16.60861         0.63929         3.50679
  274            24.86        17.33619         6.73084         7.52411
  275           12.958        17.45992         1.46770        -4.50232
  276            2.671        16.38038        -8.00340       -13.70934
  277           5.0382        16.99376        -3.05981       -11.95560
  278           3.5312        17.41165        -3.15047       -13.88045
  279           5.5455        17.31194        -5.21369       -11.76646
  280           6.6047        17.43403         0.69773       -10.82932
  281           7.5668        17.46375        -1.20403        -9.89691
  282           21.031        17.02856         3.06435         4.00214
  283           13.607        16.83364        -0.81218        -3.22674
  284            22.96        17.12531         3.52572         5.83519
  285           18.869        17.34912        -2.76608         1.51968
  286           15.503        17.31158        -1.50456        -1.80868
  287             16.1        17.00132         0.60227        -0.90132
  288           11.538        16.72763        -2.35489        -5.18943
  289           4.3983        15.24504        -2.59277       -10.84672
  290           6.3996        15.49224        -2.74732        -9.09261
  291           12.835        15.11294         2.09813        -2.27844
  292           6.2451        15.94765        -2.71358        -9.70253
  293           8.1066        16.30064        -0.91051        -8.19407
  294           8.4743        17.22889        -8.96348        -8.75457
  295           5.6086        14.59675        -0.25852        -8.98816
  296           4.5229        14.83134        -5.74751       -10.30849
  297           7.6433        14.57503         0.15407        -6.93177
  298           16.584        14.52957         7.55494         2.05463
  299           17.451        14.36925        10.16739         3.08155
  300            8.799        14.33078        -1.65802        -5.53178
  301           6.3156        14.72555        -3.89907        -8.40996
  302           12.034        13.95928         1.65067        -1.92518
  303           7.0135        14.45878        -5.17207        -7.44530
  304           10.366        14.89047        -5.51084        -4.52437
  305           10.718        13.15938         2.00385        -2.44118
  306           11.614        15.11677        -8.55751        -3.50307
  307           34.632        15.15495         9.77851        19.47745
  308           12.925         9.73210         3.81155         3.19250
  309           4.7633        10.42110        -1.02514        -5.65776
  310           4.8477        10.32086        -1.08857        -5.47315
  311           4.8733         9.57229        -1.94960        -4.69895
  312           8.6718        10.56478         1.49839        -1.89299
  313           6.3709        10.49816         0.49385        -4.12725
  314           10.545         9.99215         3.31201         0.55285
  315           3.2611        11.00753        -1.37236        -7.74648
  316            4.027        10.24042        -0.51320        -6.21342
  317           7.7924         9.32610         0.92339        -1.53365
  318           6.1719        10.30828         0.39500        -4.13637
  319           9.7145         9.79716        -0.03930        -0.08266
  320           8.4277        10.00037        -0.89180        -1.57268
  321           10.911        11.47651         0.34520        -0.56551
  322           18.144        10.08164         8.04518         8.06226
  323           18.159        11.17404         5.76784         6.98446
  324           16.896        12.10777         1.46857         4.78783
  325            3.484        10.27163        -4.31730        -6.78759
  326           13.846        11.30685        -0.20789         2.53905
  327             5.63        12.14757        -4.58658        -6.51752
  328           6.3488        13.63579        -1.54318        -7.28698
  329           9.2876        14.14189        -0.14872        -4.85430
  330           4.8111        13.84372        -2.95365        -9.03266
  331           6.3524        13.76221        -1.20628        -7.40984
  332           7.2866        13.49838        -1.51657        -6.21174
  333           9.0884        14.81364        -0.57099        -5.72523
  334           15.036        13.38525        -1.56232         1.65035
  335           10.694        14.01127        -0.83084        -3.31767
  336           12.171        15.02464        -2.42804        -2.85344
  337           24.439        14.75393         2.01255         9.68487
  338           19.552        15.03427        -2.10611         4.51733
  339           22.349        14.68201         4.43161         7.66749
  340           18.588        13.74143         2.00108         4.84627
  341           17.624        14.94129        -1.41771         2.68231
  342           10.524        14.53604        -2.59466        -4.01254
  343           6.8365        13.54046        -2.24707        -6.70394
  344           6.1177        12.57538        -1.04237        -6.45772
  345           6.0422        13.28790        -1.36438        -7.24572
  346           5.8453        13.03935        -1.35096        -7.19403
  347           7.4411        13.35439         0.81049        -5.91329
  348           6.8892        13.46128        -0.77290        -6.57211
  349           7.8529        12.78154         0.17648        -4.92865
  350           2.6057        12.68880        -2.24228       -10.08314
  351           4.1469        13.09281        -0.44696        -8.94592
  352           4.5165        12.69506        -2.00428        -8.17858
  353           5.2456        12.27330        -1.43738        -7.02766
  354           6.1275        12.00522        -0.69017        -5.87769
  355           12.489        12.58990         6.13708        -0.10050
  356           3.7173        13.15929        -1.68082        -9.44203
  357           2.9095        12.97012        -2.73357       -10.06062
  358           4.8265        12.72298        -1.73601        -7.89648
  359           6.9007        13.00544         0.33056        -6.10475
  360           8.0844        12.71203         0.84507        -4.62763
  361           4.5202        13.04643        -1.67915        -8.52628
  362           3.5534        12.62350        -0.92678        -9.07007
  363           7.0128        12.85053        -7.81566        -5.83773
  364           12.969        13.58597         1.14431        -0.61697
  365           16.091        14.18135        -0.26492         1.90955
  366           23.609        14.43980         3.08002         9.16940
  367           8.7111        13.60141        -4.34331        -4.89027
  368           15.632        13.94394         3.22901         1.68796
  369            13.33        13.43736        -0.63591        -0.10736
  370           9.7848        13.87955        -1.75800        -4.09480
  371           9.5278        13.30355        -3.99307        -3.77573
  372           19.503        13.43069         2.69278         6.07201
  373           8.7229        13.66261        -6.94184        -4.93973
  374           17.736        14.45964         5.69048         3.27666
  375            19.73        13.98844         1.97439         5.74136
  376           20.076        14.27366         3.18091         5.80244
  377           24.773        14.73583         5.60886        10.03757
  378           3.0852        11.67926        -3.24188        -8.59408
  379            6.178        12.28455        -0.83370        -6.10659
  380           8.1774        12.46620         2.12326        -4.28877
  381           2.8279        11.67145        -3.36907        -8.84356
  382           8.7665        12.06763         2.76204        -3.30114
  383           5.8766        12.95039        -1.78683        -7.07374
  384           6.1109        11.84383         0.64416        -5.73296
  385           5.8403        13.15251        -0.13654        -7.31218
  386            3.257        12.07703        -2.39426        -8.82003
  387           4.4253        12.53373        -0.58710        -8.10841
  388           3.7575        12.15201        -2.89620        -8.39448
  389           6.7736        12.25715         0.72444        -5.48355
  390           4.8808        12.49971        -2.34123        -7.61891
  391           3.6348        12.29699        -1.70460        -8.66222
  392           10.313        14.55670        -1.36118        -4.24370
  393           18.788        14.62495         2.57887         4.16345
  394           15.195        14.38603         0.65003         0.80897
  395           14.757        15.23335         2.08616        -0.47605
  396           1.0872        15.19749        -6.85339       -14.11033
  397           14.321        14.10240         0.26564         0.21820
  398           28.861        14.25708         7.37112        14.60422
  399           4.3638        14.79508        -1.72338       -10.43130
  400           2.5909        14.42529        -3.56767       -11.83438
  401           5.8922        14.30953         0.49510        -8.41728
  402            6.751        14.43219        -2.81224        -7.68120
  403           3.6788        13.98964        -2.70068       -10.31084
  404           5.8679        13.91622        -0.83310        -8.04834
  405           5.1741        14.31901        -3.52786        -9.14493
  406            19.42        14.18493         0.98602         5.23517
  407           27.692        14.38095         5.05635        13.31095
  408           9.3431        13.78983        -1.16201        -4.44669
  409           13.096        14.12641         0.50391        -1.03081
  410           22.062        14.30805         2.70194         7.75435
  411            11.52        14.12808        -2.41978        -2.60838
  412           32.454        14.48767         7.24523        17.96633
  413            19.37        13.86404        -0.36981         5.50616
  414           5.4172        13.50361        -0.92744        -8.08637
  415           7.9471        13.12493         2.09365        -5.17783
  416           4.4987        13.46030        -1.49085        -8.96162
  417           3.9269        13.29230        -3.41836        -9.36536
  418           7.4391        13.46993        -0.18858        -6.03083
  419           7.8256        13.26832         0.44068        -5.44269
  420           7.7111        12.95374         0.97760        -5.24264
  421            20.79        14.84132         3.08338         5.94838
  422           11.178        14.63202        -0.92956        -3.45452
  423           4.3118        15.43979        -2.06119       -11.12803
  424           13.078        15.29394         0.98583        -2.21554
  425           8.5424        15.12258        -0.60207        -6.58018
  426           9.5604        14.84913         2.71237        -5.28869
  427           8.4169        15.02232        -0.43442        -6.60541
  428           4.9731        15.01858        -1.19345       -10.04549
  429            4.587        14.98344        -3.06765       -10.39641
  430           5.3413        14.97705        -4.26469        -9.63572
  431           15.168        15.07518        -3.90790         0.09312
  432            9.693        13.99477        -2.83216        -4.30174
  433           3.7311        15.00389        -5.02330       -11.27276
  434           11.719        14.64381         1.72457        -2.92511
  435           17.981        12.91961        -0.19804         5.06149
  436           22.096        13.17561         5.66635         8.92069
  437           23.298        12.59139         7.75022        10.70681
  438           20.655        13.32235         2.92637         7.33285
  439           25.913        13.13947         6.52192        12.77393
  440             22.3        12.67247         5.33531         9.62803
  441           14.769        12.82560        -0.56090         1.94350
  442           31.532        14.59848         7.78964        16.93382
  443           17.667        15.06427         5.31544         2.60313
  444           16.658        14.85485        -2.81217         1.80305
  445           12.591        14.89151         2.92369        -2.30001
  446           16.185        14.30751        -1.87006         1.87789
  447           4.2772        14.94437        -4.45751       -10.66718
  448           4.7271        14.89160        -8.14637       -10.16452
  449           2.7654        13.20845        -2.57606       -10.44303
  450           3.8228        12.65025        -2.13134        -8.82745
  451           8.9818        13.32581         2.88195        -4.34400
  452           3.3481        13.69894        -2.11857       -10.35086
  453           7.4855        13.65395         0.71698        -6.16844
  454           8.8133        13.68522         2.24679        -4.87197
  455            2.382        14.10403        -4.05945       -11.72204
  456           8.1019        14.00757        -1.40621        -5.90572
  457           9.8802        14.08504        -0.41386        -4.20480
  458           5.3398        14.13934        -1.97815        -8.79951
  459           11.849        14.25002         2.08734        -2.40132
  460           14.399        13.84825         4.27926         0.55125
  461           12.752        14.32802        -3.09785        -1.57602
  462           6.2709        13.67706        -0.94294        -7.40620
  463            10.48        13.72250        -0.87113        -3.24220
  464             14.7        13.79040         2.60171         0.91010
  465           10.385        13.82518        -4.51389        -3.44038
  466            14.88        13.69913         2.65264         1.18137
  467           4.4902        12.16682        -3.87419        -7.67665
  468           7.5752        12.87319        -0.12220        -5.29800
  469           11.076        13.60742         1.21232        -2.53152
  470           9.5126        13.33916         0.49726        -3.82654
  471           1.5081        12.75220        -2.87707       -11.24414
  472           15.782        14.63925         2.61428         1.14235
  473           40.534        15.63040        20.81118        24.90390
  474           6.7869        16.36100        -2.28011        -9.57407
  475           26.333        17.58075         4.09517         8.75265
  476           12.457        16.60521         1.35269        -4.14831
  477            7.033        15.99183        -1.31736        -8.95879
  478           14.171        17.72144        -7.23206        -3.55074
  479           7.3906        14.50308        -6.10276        -7.11249
  480           31.917        14.20366        10.51038        17.71304
  481           16.231        13.96572         1.39794         2.26568
  482           13.145        16.81013         3.14560        -3.66523
  483             7.46        16.58270        -1.97163        -9.12269
  484           8.2028        16.68873         1.49875        -8.48592
  485           4.5869        15.14479        -3.59870       -10.55793
  486            6.753        16.10638        -1.37400        -9.35336
  487           4.8654        14.95433        -2.80078       -10.08894
  488           6.3986        15.69682        -0.41787        -9.29823
  489           7.0149        14.39864         1.10006        -7.38373
  490           7.4355        15.94130         0.18161        -8.50579
  491           5.7512        15.72800        -1.10314        -9.97679
  492           3.8584        13.40620        -0.36913        -9.54776
  493           3.0149        13.71790        -1.49737       -10.70301
  494           2.5171        13.03784        -1.98141       -10.52074
  495            4.821        13.62147         0.55656        -8.80046
  496           4.0769        13.87824        -1.16781        -9.80131
  497           6.6856        13.45525        -1.55294        -6.76965
  498           4.7284        16.09282        -1.83083       -11.36444
  499           7.4282        16.19118         0.94859        -8.76296
  500           5.8299        16.64655        -1.14224       -10.81662
  501           3.4836        14.25349        -3.43593       -10.76986
  502           5.8107        13.08290        -1.55510        -7.27219
  503           16.953        14.24957        -2.06692         2.70333
  504           8.9103        13.52919         1.85958        -4.61890
  505           9.0879        13.22083         0.56982        -4.13289
  506           8.5049        14.42127        -1.78249        -5.91632
  507           3.4708        15.50554        -3.44930       -12.03474
  508            3.681        15.59763        -2.53205       -11.91661
  509           5.2242        16.13955        -2.07917       -10.91532
  510             9.07        16.20657         1.50680        -7.13659
  511           5.9227        15.88058        -0.98565        -9.95791
  512           7.4865        16.39154        -0.31359        -8.90500
  513           6.9095        16.17576         0.14748        -9.26629
  514           5.8748        16.33431        -1.84811       -10.45955
  515           5.8879        16.39837        -1.80460       -10.51046
  516           4.9585        16.37777        -2.09125       -11.41927
  517           4.9428        16.07467        -1.67225       -11.13182
  518           7.3862        16.26784        -0.31898        -8.88165
  519           14.571        15.07012         3.90591        -0.49952
  520           11.056        15.33133         1.23007        -4.27503
  521            9.591        15.37489         0.58852        -5.78385
  522           4.9151        15.79609        -2.56108       -10.88098
  523           8.7013        15.91653         2.23840        -7.21527
  524           5.7834        16.16349        -2.52934       -10.38013
  525           4.3092        15.14888        -3.54386       -10.83965
  526           5.2047        14.49841        -0.88175        -9.29373
  527           5.3149        14.92429        -1.01365        -9.60936
  528           9.7142        14.28563         1.19025        -4.57142
  529           14.538        13.68048         4.23949         0.85722
  530           5.9746        15.36654        -0.15686        -9.39190
  531           2.2615        14.75451        -4.32629       -12.49297
  532          0.79461        13.04937        -2.12348       -12.25476
  533            2.627        12.94671        -0.68044       -10.31975
  534           1.5723        13.60199        -2.80248       -12.02970
  535           5.5635        13.01103         2.17320        -7.44757
  536           3.1784        13.27351        -5.47043       -10.09516
  537           17.973        12.95828         5.12573         5.01492
  538           11.742        13.07371         0.41371        -1.33121
  539           12.302        13.10979         1.45830        -0.80789
  540           12.527        13.84722         1.22444        -1.32052
  541           7.6975        13.26769        -2.13095        -5.57017
  542           9.0668        15.46875        -1.97288        -6.40192
  543           5.3028        14.82470        -4.36633        -9.52190
  544           10.482        15.32615        -2.92000        -4.84445
  545           14.649        13.88487         2.79988         0.76413
  546           17.338        14.52810         4.33422         2.80960
  547           12.866        14.92445         1.24689        -2.05815
  548           14.486        14.92458         3.08029        -0.43848
  549           24.755        15.05871         0.92320         9.69659
  550            8.614        13.48191        -1.52372        -4.86793
  551           10.298        13.70221        -0.60271        -3.40411
  552           10.176        13.66562        -0.27103        -3.49002
  553           12.387        14.18635        -0.87082        -1.79965
  554           13.386        14.57098         0.63513        -1.18458
  555           10.324        14.22915        -1.19108        -3.90495
  556           4.2796        13.30398        -3.58943        -9.02434
  557           12.832        13.23345         2.63795        -0.40165
  558           5.5085        13.72616        -4.20349        -8.21763
  559            3.569        12.91055        -6.75549        -9.34153
  560           9.4161        13.34883         1.82412        -3.93271
  561           1.1773        13.68960        -3.93261       -12.51234
  562           8.3893        13.22476         0.88998        -4.83543
  563           4.4175        13.49175        -2.75533        -9.07426
  564           5.2486        13.53082        -1.01684        -8.28221
  565            7.221        13.45972        -5.06876        -6.23877
  566           13.662        13.38119         2.97655         0.28091
  567           12.698        13.81901         1.12581        -1.12131
  568           14.658        13.41578         2.21102         1.24202
  569           10.801        13.54803        -0.20356        -2.74713
  570           10.373        13.36537        -2.13498        -2.99277
  571           13.101        13.50772         4.05937        -0.40692
  572            17.74        13.40854         7.00030         4.33166
  573           2.2466        13.66555        -6.78535       -11.41897
  574           7.8228        10.38490         0.25837        -2.56211
  575           5.3525        11.13335        -2.08874        -5.78088
  576          0.89155        11.93902        -3.96990       -11.04747
  577            6.081        10.90482        -0.85040        -4.82378
  578           5.4165        10.94722        -0.78082        -5.53076
  579            5.963        10.48817        -1.44295        -4.52519
  580           6.9491         9.73843        -2.24279        -2.78929
  581           11.253        10.82085         2.97697         0.43215
  582           13.348         9.03122         3.65608         4.31628
  583           12.775         9.35875         2.54816         3.41585
  584           5.1164         9.95853        -1.18418        -4.84211
  585           3.4386         9.45363        -2.44718        -6.01500
  586            6.182         9.99839        -2.72877        -3.81639
  587           10.809         9.07396         2.40780         1.73454
  588           7.6987         9.21801         0.02492        -1.51931
  589           13.671         9.10222         3.80692         4.56908
  590           9.1383        10.00641         1.73744        -0.86807
  591           11.136         9.46582         3.48414         1.67058
  592           3.1146         9.98857        -1.74530        -6.87394
  593           2.7393         9.60237        -0.03014        -6.86303
  594           8.5563        10.01761         2.22592        -1.46133
  595           2.6996         9.80633        -2.51909        -7.10670
  596           2.5003         9.30748        -4.73430        -6.80718
  597           10.565        13.11250         2.62952        -2.54720
  598            14.38        13.23303         5.01182         1.14727
  599           5.4883        12.16975         1.77032        -6.68140
  600           1.5368        12.53110        -3.43419       -10.99435
  601           3.6243        12.43397        -2.14827        -8.80968
  602           4.4733        12.48790        -4.04111        -8.01463
  603           11.503         9.31526         3.85986         2.18784
  604           10.177         9.18403         1.17660         0.99247
  605            5.019         9.27530        -0.42904        -4.25629
  606           3.1956         9.16244        -0.44300        -5.96680
  607           3.1189         9.53215        -0.48449        -6.41326
  608           2.5531         9.18338        -1.03192        -6.63024
  609           4.1642         9.16441        -1.82429        -5.00020
  610           2.9415         8.71398        -5.44773        -5.77243
  611           3.9417        11.72535        -2.42924        -7.78369
  612           3.7184        12.14006        -1.62183        -8.42163
  613           5.9654        12.01028        -4.39721        -6.04484
  614           10.441        11.63551         1.11420        -1.19431
  615           8.5236        11.86656        -7.72079        -3.34295
  616           29.503        12.32331        13.36588        17.17929
  617           12.486         9.97083        -0.49376         2.51547
  618           2.0605        10.93630        -5.73240        -8.87582
  619           17.252        10.07260         4.57410         7.17930
  620           5.2193        10.23667        -2.40541        -5.01736
  621           11.076        10.00383         1.74115         1.07257
  622           10.636        10.81692        -0.66870        -0.18042
  623           12.775         9.50467         1.63530         3.27053
  624           10.852         9.91803         3.91626         0.93447
  625           5.6394        10.85009        -1.79891        -5.21069
  626           5.7749        11.61408        -1.30984        -5.83918
  627           8.8108        10.87293         1.25470        -2.06216
  628           14.165        10.61491         5.98704         3.55039
  629           7.6979        11.42555         0.80261        -3.72765
  630           1.6723        10.18181        -3.57497        -8.50954
  631           10.833        11.32752         3.38919        -0.49442
  632           10.451        10.32234         1.98566         0.12886
  633           3.8223        10.43119        -2.35054        -6.60889
  634           3.2651         9.67254        -0.26262        -6.40746
  635            2.568        10.19067        -1.30757        -7.62264
  636           3.2221         9.92283        -1.02261        -6.70071
  637           3.5944         9.50237        -0.01440        -5.90796
  638           7.5621        10.49272         0.22996        -2.93061
  639            3.417        10.36529        -1.79278        -6.94826
  640           10.812        12.28584         2.40449        -1.47414
  641           13.183        11.65491         3.14058         1.52819
  642           11.374        11.80946         1.65799        -0.43546
  643           7.2221        13.14102        -0.39648        -5.91896
  644           12.676        12.55436         3.29090         0.12124
  645             9.41        13.07219        -0.06875        -3.66222
  646           4.5279        12.76345        -0.92179        -8.23555
  647           9.1972        12.21836         2.95548        -3.02119
  648            4.716        12.83519         0.85686        -8.11915
  649           4.8904        12.70544         0.32743        -7.81508
  650           4.5058        12.43764        -1.04177        -7.93182
  651           5.8686        12.25892        -1.11323        -6.39036
  652           1.2993        12.94458        -3.02150       -11.64530
  653           4.5183        12.71972        -2.04031        -8.20144
  654           25.695        12.40640        10.35982        13.28820
  655           14.629        12.46566         1.34751         2.16324
  656           6.6337        12.11873        -6.84444        -5.48508
  657           5.1061        12.50952        -2.95102        -7.40342
  658           2.8888        14.06863        -6.53942       -11.17985
  659           6.6151        12.84374        -4.23712        -6.22859
  660           11.564        13.16770         3.39583        -1.60330
  661           5.1731        13.33835        -7.43444        -8.16524
  662           11.922        13.72519         1.43050        -1.80359
  663           4.9862        11.78759        -3.23853        -6.80141
  664           5.9321        12.44062         0.07524        -6.50848
  665           4.7096        12.16807        -1.36764        -7.45845
  666           4.8637        11.71875        -2.29622        -6.85501
  667           7.3452        12.30235         0.98871        -4.95712
  668           9.4361        11.41746         0.51805        -1.98138
  669           5.9263        11.82868        -1.42373        -5.90242
  670           3.2311         9.40730        -2.06717        -6.17619
  671           6.6619         8.98534         0.63919        -2.32349
  672           10.933         9.73457         3.34494         1.19803
  673           4.7592        11.17572        -1.79755        -6.41650
  674           10.358         9.50922         1.27190         0.84838
  675           11.479        10.45246         3.74996         1.02644
  676           7.7764        10.89398         0.20389        -3.11759
  677            10.07         9.97899         1.61123         0.09071
  678           6.8104        10.68955        -1.97427        -3.87913
  679           8.0251        11.13233        -0.93894        -3.10726
  680            6.232        11.12853        -6.02467        -4.89653
  681           7.2691         9.22360         0.37442        -1.95447
  682           5.0454         9.44272        -0.74311        -4.39727
  683           3.2343        10.08421        -2.40021        -6.84988
  684            3.649         9.27519        -2.90199        -5.62616
  685           2.3017         9.22380        -1.76076        -6.92213
  686           7.1302         9.45039         0.07286        -2.32017
  687           9.5274         9.46008         1.03617         0.06733
  688           7.7392        11.82003        -1.44063        -4.08081
  689           10.843        12.06823         0.52271        -1.22513
  690           9.0598        11.81429        -0.22150        -2.75450
  691            12.82        12.40614         2.65368         0.41436
  692           5.4316        11.77367        -0.28300        -6.34206
  693           7.4961        11.76859        -0.90300        -4.27245
  694           4.9297        11.40205        -2.66397        -6.47236
  695           10.761        12.20679         2.02403        -1.44539
  696           21.473        10.67357         4.24268        10.79943
  697           19.546        10.89563         2.76902         8.65007
  698           31.033        11.71735        10.77436        19.31565
  699           6.9153        11.08708        -3.43308        -4.17183
  700           10.184        11.77313        -2.36151        -1.58933
  701           4.3111         9.83930        -5.77485        -5.52823
  702           8.0269        10.41207        -3.56309        -2.38521
  703           18.528        11.08599         2.97900         7.44231
  704          0.79217        11.35098        -5.22428       -10.55882
  705           4.3121        12.42972        -2.93048        -8.11760
  706           3.6226        11.83368        -1.00698        -8.21111
  707           4.3191         9.49000        -4.16036        -5.17088
  708            4.093        10.13683        -2.27712        -6.04378
  709           9.2572        10.33004        -1.05034        -1.07285
  710           9.2659        14.58287        -0.02024        -5.31700
  711           9.0732        13.54523        -2.10496        -4.47203
  712           20.396        11.35394         4.46599         9.04256
  713           3.9376        12.25695        -1.03056        -8.31938
  714           10.717        11.70080         0.55777        -0.98350
  715            3.825        11.92419        -1.32873        -8.09923
  716           85.889        15.43330        36.05843        70.45600
  717           19.905        17.93279        -0.88684         1.97271
  718           28.999        17.67694         3.90886        11.32216
  719           22.053        17.84165         0.67377         4.21165
  720           25.559        17.69967         3.05849         7.85943
  721           27.384        17.91001        -0.56724         9.47419
  722            20.73        17.03600        -0.34106         3.69440
  723           19.171        16.93508         2.02504         2.23582
  724           17.396        17.75250        -2.41548        -0.35690
  725           30.451        17.06262         4.70373        13.38848
  726           30.379        17.81136         1.41631        12.56784
  727           24.948        17.31578         1.06318         7.63192
  728           17.667        17.74957         0.53572        -0.08217
  729           18.307        17.63050        -0.70513         0.67680
  730           17.669        17.64003         0.13153         0.02927
  731           11.001        17.97001        -7.21463        -6.96861
  732           20.687        17.84954         0.93828         2.83756
  733           25.675        17.78892         3.17361         7.88628
  734            13.08        17.74700        -3.19164        -4.66690
  735           12.344        17.48830        -7.78324        -5.14390
  736            14.52        17.68264        -2.70035        -3.16314
  737           12.546        17.76302        -2.51174        -5.21662
  738           11.286        18.06329        -4.42341        -6.77779
  739           7.1474        17.31185        -4.60635       -10.16449
  740           19.051        17.29151         1.81051         1.75919
  741           22.484        18.02773         0.61999         4.45667
  742           27.089        18.24147         4.56122         8.84723
  743           17.015        18.19002        -0.64645        -1.17482
  744           7.2114        17.69057        -4.20610       -10.47913
  745           19.827        17.84429         0.09259         1.98241
  746           11.982        17.81509        -2.49765        -5.83279
  747           15.399        17.80948        -0.99932        -2.41098
  748           11.178        18.12040        -1.30199        -6.94200
  749           14.646        18.04051         0.84245        -3.39461
  750           10.511        17.29454        -5.09582        -6.78304
  751           15.399        18.15605        -0.97653        -2.75695
  752           19.671        15.74925         4.81244         3.92175
  753           11.224        16.52766        -6.50695        -5.30336
  754           8.7361        16.03126        -6.69821        -7.29519
  755           12.173        16.22044        -3.94712        -4.04724
  756           24.542        16.61561         7.91171         7.92679
  757           7.9103        15.05322        -6.35272        -7.14288
  758           59.165        15.20986        27.54061        43.95544
  759            25.25        15.10824        -3.53864        10.14206
  760           40.515        15.76485        11.71979        24.75015
  761           23.017        15.57238         5.10150         7.44462
  762           23.705        15.22823         4.12449         8.47717
  763            22.14        15.60518         1.47739         6.53432
  764           19.485        15.74794        -3.77997         3.73686
  765           6.7222        14.67992        -5.02294        -7.95775
  766            18.25        15.35858        -1.40721         2.89152
  767           29.893        17.42626         7.67163        12.46714
  768           33.554        17.80084         3.97217        15.75356
  769           32.206        17.62002         2.12281        14.58568
  770           26.553        17.63164        -0.48542         8.92096
  771            19.28        17.01146         0.61954         2.26854
  772           21.444        17.69102         0.40325         3.75338
  773           34.526        17.62723         5.40700        16.89837
  774           21.085        17.80588        -1.07446         3.27902
  775           28.123        17.42030        -1.62998        10.70270
  776           38.958        17.55861         5.02019        21.39909
  777           25.675        17.08074         0.27657         8.59386
  778           35.635        16.84253         4.04899        18.79237
  779           40.541        17.30883         5.77796        23.23167
  780           32.352        17.63933         0.55577        14.71217
  781           38.785        17.44822         4.56264        21.33648
  782           6.9833        17.16632        -3.04059       -10.18305
  783           5.9221        17.44991        -3.83938       -11.52779
  784           8.3093        17.00450        -5.82196        -8.69519
  785           20.792        16.46754         2.81363         4.32486
  786           10.404        16.81591        -5.17072        -6.41211
  787           17.148        16.77015         0.09197         0.37785
  788           29.335        16.81003         6.77963        12.52537
  789           27.552        16.78756        11.58435        10.76434
  790           29.303        16.76575         9.16270        12.53705
  791           32.042        16.36872         8.13117        15.67298
  792           6.2847        16.93504        -3.52857       -10.65039
  793           7.2508        16.79865        -6.69711        -9.54783
  794           25.726        16.44841         8.78160         9.27759
  795           21.991        16.63802         2.36278         5.35298
  796             18.5        16.47072        -1.91380         2.02938
  797           17.754        16.38307         3.00552         1.37053
  798           16.991        16.70264         1.45284         0.28826
  799           8.6288        16.61362        -7.03964        -7.98482
  800           8.7005        16.80551        -5.47004        -8.10499
  801           10.259        16.50256        -3.01861        -6.24306
  802           13.895        16.66915         1.56026        -2.77415
  803           8.3766        16.61411        -4.51517        -8.23748
  804           23.524        16.33138         4.95078         7.19272
  805           20.174        15.68611        -0.81410         4.48739
  806            18.48        15.38068        -3.93017         3.09952
  807           31.996        17.32108         3.59562        14.67472
  808           21.783        17.13019         3.16454         4.65321
  809           28.593        16.73141         5.28779        11.86159
  810           16.973        17.09446        -6.53950        -0.12136
  811           19.864        17.15459        -6.87223         2.70911
  812           23.074        17.01690         1.34840         6.05750
  813           22.372        17.14101        -2.27514         5.23049
  814           21.328        16.58533         1.93697         4.74297
  815           24.213        16.96128        -3.06386         7.25202
  816           31.724        16.79927         6.23733        14.92513
  817           23.271        16.37583         1.67839         6.89547
  818           14.965        16.70950        -0.56694        -1.74470
  819           10.452        16.64840        -1.62735        -6.19670
  820           12.758        16.47843        -3.93949        -3.72033
  821           17.323        17.10922        -3.99205         0.21378
  822           18.544        16.95769        -2.60888         1.58591
  823           18.341        16.82290        -2.31733         1.51780
  824           25.172        16.44258         5.05067         8.72902
  825           22.671        17.03384        -1.41228         5.63736
  826           24.271        16.97475         3.65648         7.29675
  827            19.89        17.09450        -2.43609         2.79600
  828           22.424        17.12142        -1.40671         5.30218
  829           14.101        14.59224        -3.26930        -0.49134
  830           11.657        14.58551        -8.49723        -2.92831
  831           22.528        14.53814       -24.50882         7.98976
  832           28.048        15.18476        -2.77174        12.86284
  833           19.119        15.65984        -7.13066         3.45926
  834           18.807        15.02056        -0.62377         3.78604
  835           18.196        14.99761        -1.32237         3.19799
  836           27.741        16.91603         1.91509        10.82547
  837           26.027        16.83772         1.81810         9.18968
  838           27.034        15.77333         3.97642        11.26047
  839           32.697        15.98464         8.10142        16.71276
  840           21.228        16.18263        -2.85883         5.04547
  841           26.515        16.30741        -0.57638        10.20809
  842           24.822        16.71981         1.92231         8.10189
  843           46.855        16.80926        -0.93053        30.04614
  844           76.633        15.84146         9.55742        60.79154
  845           17.999        16.93900       -15.53930         1.05980
  846           38.811        16.90356        -2.20993        21.90784
  847           91.222        16.40223        35.48856        74.81927
  848           25.885        17.75809         3.20177         8.12701
  849           15.061        17.58792        -8.20685        -2.52702
  850           23.714        17.32124        -0.18617         6.39256
  851           15.032        17.49498        -5.18927        -2.46328
  852           26.864        17.45353        -1.27964         9.41057
  853           40.085        17.28520         1.74362        22.79950
  854           26.387        17.06911       -10.26125         9.31839
  855           17.297        17.79311        -3.60673        -0.49641
  856           27.424        15.83630        -2.18925        11.58740
  857             31.5        16.22950         0.49535        15.27070
  858           35.309        16.98743         6.08796        18.32147
  859           31.395        17.29408         4.55040        14.10142
  860           22.296        17.55900        -3.30263         4.73710
  861           41.327        15.89051         5.83763        25.43659
  862           29.318        16.60010         1.28466        12.71810
  863           111.48        15.23245        58.99998        96.24655
  864           9.9809        16.58316        -6.20654        -6.60224
  865           12.334        16.85010        -4.66574        -4.51610
  866           33.561        15.73230        -1.14420        17.82910
  867           45.658        15.68278        -0.98092        29.97512
  868           19.242        15.83924        -3.03981         3.40266
  869           24.018        16.28300         2.70365         7.73490
  870            16.36        17.11343        -1.75692        -0.75343
  871           5.9742        16.68974       -11.59165       -10.71551
  872           15.928        16.92740        -1.40753        -0.99960
  873            35.37        16.97151         5.85210        18.39829
  874           13.681        16.15944        -4.44751        -2.47884
  875           9.4549        16.24864        -3.60483        -6.79377
  876            15.06        15.93841        -6.51575        -0.87861
  877           17.256        17.84228        -3.36010        -0.58618
  878            33.74        17.63089         6.75499        16.10921
  879            24.15        17.50608         3.66988         6.64422
  880           37.729        17.50470         3.58484        20.22420
  881            21.86        17.53574         0.21110         4.32466
  882           68.908        16.56067        15.17224        52.34693
  883           21.779        17.71690         3.24344         4.06190
  884           22.294        16.70811         0.66978         5.58639
  885           34.168        16.72324        10.28829        17.44446
  886           38.121        16.94407         9.94658        21.17703
  887           13.307        16.79780        -9.50714        -3.49110
  888           45.367        16.21046        10.96523        29.15644
  889           13.178        17.24391        -0.59935        -4.06641
  890           26.027        16.46984        -0.16648         9.55766
  891           20.177        16.22936         2.94730         3.94794
  892           22.222        16.32037         1.65828         5.90193
  893           16.469        15.85186        -1.89072         0.61724
  894           20.035        16.18827        -0.16121         3.84723
  895           9.2452        17.21007        -6.66209        -7.96486
  896           9.1491        17.17967        -2.85402        -8.03056
  897           13.532        17.15343        -0.91974        -3.62143
  898           15.385        17.43032         0.85354        -2.04522
  899           19.057        17.86802         0.86238         1.18878
  900            12.12        16.57448        -2.05165        -4.45478
  901           8.9187        17.26480        -2.63980        -8.34607
  902            16.42        17.84323        -3.06745        -1.42323
  903           14.834        17.87279        -6.64616        -3.03929
  904           24.584        18.10534         1.25000         6.47866
  905           30.799        17.81085         4.59411        12.98785
  906           22.086        16.59830         0.34736         5.48770
  907           13.447        16.85132        -4.49306        -3.40402
  908           13.246        16.81021        -5.41220        -3.56401
  909           36.857        17.97156         8.45841        18.88514
  910           31.584        18.20505         3.11242        13.37855
  911           23.887        16.60173         3.40130         7.28527
  912           26.956        16.77588        -0.53233        10.17992
  913             37.2        16.90447        -5.98813        20.29593
  914           17.397        17.40474        -2.94689        -0.00734
  915           12.907        16.46877        -5.00090        -3.56167
  916           24.393        17.07188         2.63170         7.32152
  917           22.559        17.16294        -5.28982         5.39576
  918           14.405        15.93686        -1.19275        -1.53146
  919           20.246        16.33219         0.52686         3.91421
  920           8.1337        16.64379        -2.46460        -8.51012
  921           8.9006        16.34779        -3.67459        -7.44722
  922           6.0565        16.62657        -6.19962       -10.57006
  923           6.7497        16.26117        -6.46951        -9.51148
  924           19.545        16.35070         3.97023         3.19460
  925           8.5179        16.95107        -3.05858        -8.43320
  926           13.701        15.75308        -2.88812        -2.05188
  927           22.721        15.77336         4.43015         6.94754
  928           21.249        15.52067         2.97144         5.72873
  929           12.813        16.30332        -1.85511        -3.48992
  930           10.548        15.94433        -4.46328        -5.39653
  931           27.391        16.62830         4.93727        10.76260
  932           22.427        15.66870         5.33285         6.75820
  933           15.559        15.79103        -0.05520        -0.23183
  934           19.994        16.39572         1.18705         3.59838
  935           19.419        17.09852         1.87244         2.32088
  936            26.11        16.71508         5.20912         9.39502
  937           22.001        17.07607         2.68766         4.92453
  938           15.773        17.50716        -1.75870        -1.73396
  939           17.163        17.52422         0.92791        -0.36152
  940           19.463        17.65039         2.19647         1.81231
  941           14.418        17.92313         3.34735        -3.50563
  942           28.729        16.68918         4.49922        12.04012
  943           22.521        15.73779         5.08778         6.78371
  944           24.752        15.33875         3.65361         9.41315
  945           11.813        16.23976        -5.02420        -4.42636
  946           19.242        16.39514        -7.08184         2.84656
  947           38.111        16.85130         5.94894        21.26010
  948           69.057        16.64566        18.90474        52.41094
  949           30.694        17.07408         4.83326        13.61992
  950            26.29        16.59157         4.86982         9.69863
  951           11.417        17.27171        -2.10388        -5.85511
  952           23.805        16.07852        -7.46536         7.72698
  953            39.48        16.10032         9.09949        23.37998
  954           41.185        16.42125        -2.13261        24.76395
  955            27.82        17.36170        -1.89295        10.45780
  956           27.281        17.79960        -0.36086         9.48140
  957           18.194        16.90439         3.90343         1.28971
  958           21.428        17.94017         1.75942         3.48823
  959           16.149        16.63674         2.64699        -0.48794
  960           13.452        16.68128        -2.15260        -3.22928
  961           17.254        16.70612         3.68048         0.54818
  962           25.179         1.10713        24.07197        24.07197
  963           29.919        17.77861         1.35739        12.14049
  964           21.179        16.39333         5.78164         4.78607
  965           30.738        17.01364         5.93747        13.72456
  966           36.001        16.68420         6.24414        19.31700
  967           22.456        14.42753         4.77507         8.02827
  968           33.302        14.56628         8.86212        18.73602
  969           38.364        14.86467        14.55860        23.49943
  970           32.286        15.13405        15.24402        17.15195
  971           9.0081        15.19870         0.14256        -6.19058
  972           7.2678        15.49748        -0.95954        -8.22966
  973           8.7118        14.89209        -9.45066        -6.18029
  974           8.1374        16.03210        -4.72293        -7.89468
  975           7.7356        15.93448        -2.30037        -8.19887
  976           23.446        15.82016         9.95217         7.62584
  977           13.439        15.84029        -3.80887        -2.40109
  978           7.9124        15.52015        -1.51218        -7.60776
  979           2.5016        15.81666        -3.59069       -13.31507
  980           4.7695        16.11785        -1.87236       -11.34834
  981           3.3473        15.39539        -3.07595       -12.04805
  982           6.3918        15.30259        -0.70374        -8.91084
  983            13.03        14.19402        -3.42518        -1.16412
  984           19.628        14.13269         3.28017         5.49501
  985           13.603        13.73996        -2.23401        -0.13706
  986           20.188        14.15190         4.45914         6.03630
  987           15.425        14.05375         1.84737         1.37155
  988           13.925        13.81117        -0.75816         0.11423
  989           9.8231        13.99125        -0.13307        -4.16814
  990           6.4052        13.94594        -3.30667        -7.54077
  991           16.096        16.16152         1.44053        -0.06592
  992           11.626        16.25138        -2.69065        -4.62528
  993           20.878        16.38113         6.17249         4.49727
  994           16.361        16.33150         3.19144         0.02990
  995           11.003        16.70509        -2.75943        -5.70189
  996           12.949        16.71303         0.35329        -3.76423
  997           9.8226        16.37082         0.25293        -6.54820
  998           4.5448        15.54049        -2.47089       -10.99568
  999           8.2217        16.13740        -0.33894        -7.91569
 1000           23.283        13.25304         6.41214        10.02966
 1001           25.643        13.46878         9.13738        12.17462
 1002           16.059        13.47183        -3.98392         2.58737
 1003           17.857        14.20188         4.00136         3.65472
 1004           14.613        13.28222        -1.90732         1.33108
 1005           18.346        13.38731         1.18646         4.95829
 1006           18.649        13.97826         3.94089         4.67044
 1007              8.4        13.96383        -3.61707        -5.56384
 1008           19.065        13.24039         3.68763         5.82471
 1009           21.708        13.02627         5.57941         8.68163
 1010           14.754        13.59174        -0.43161         1.16226
 1011           3.3945        15.22430        -4.05818       -11.82980
 1012           4.9005        15.03037        -1.82304       -10.12984
 1013           7.3667        14.53779         0.22580        -7.17104
 1014           6.4913        14.96682        -0.02704        -8.47548
 1015           2.6987        14.82053        -4.53022       -12.12188
 1016           8.2508        15.35375         2.55618        -7.10297
 1017           2.8796        14.91388        -2.86743       -12.03431
 1018             8.43        14.81965         0.00722        -6.38966
 1019           5.3949        13.39077        -7.12191        -7.99582
 1020           14.358        13.87858         0.51570         0.47952
 1021           16.199        14.03340         1.25098         2.16570
 1022           18.717        14.09977         2.49824         4.61733
 1023            14.82        14.56858         0.71559         0.25192
 1024           18.692        14.18285         4.68604         4.50955
 1025           8.0201        14.54967        -3.24621        -6.52955
 1026           13.094        14.33786         0.90861        -1.24346
 1027           9.4828        14.54472        -2.01741        -5.06190
 1028           13.649        15.13995        -1.65965        -1.49045
 1029           15.701        15.66541        -2.66823         0.03569
 1030            16.58        15.68202         0.35611         0.89818
 1031           18.817        15.61560         1.42672         3.20190
 1032           12.212        14.82284        -0.57234        -2.61084
 1033           10.983        14.73339        -3.07098        -3.75069
 1034           15.902        14.99938         1.55761         0.90212
 1035           13.421        14.57187        -2.92703        -1.15037
 1036            17.25        15.30891        -0.08727         1.94149
 1037           12.192        15.48796        -2.13402        -3.29556
 1038           18.454        15.62721         2.01326         2.82729
 1039           8.1343        14.69316        -2.96642        -6.55881
 1040           10.732        15.80587         1.75961        -5.07337
 1041           17.251        14.27181         3.30208         2.97939
 1042           17.653        14.74691         1.78012         2.90599
 1043           20.183        15.36137         2.64950         4.82193
 1044           12.971        14.65707        -0.77043        -1.68577
 1045           11.075        13.91047        -4.52321        -2.83587
 1046           9.4127        14.36902         0.12562        -4.95632
 1047           3.9878        14.88353        -4.42308       -10.89570
 1048           9.7065        14.77034         0.54801        -5.06383
 1049           10.748        13.47182        -4.21177        -2.72372
 1050           15.825        13.72052         2.00468         2.10428
 1051           10.143        13.69980        -4.06047        -3.55660
 1052           21.649        13.43920         3.42362         8.20950
 1053           20.139        15.27965         1.43992         4.85895
 1054           17.371        15.01357         2.35371         2.35763
 1055           8.0859        14.92859        -2.47299        -6.84271
 1056           5.0037        15.78259        -9.26865       -10.77885
 1057           8.2951        16.34106        -0.27739        -8.04598
 1058           5.1156        16.48302        -2.38762       -11.36741
 1059           7.3782        16.58404        -1.77946        -9.20582
 1060            3.915        16.21202        -1.81026       -12.29698
 1061           3.5114        15.98942        -2.68117       -12.47797
 1062           6.7778        16.17481         1.41595        -9.39701
 1063           7.3459        15.89248         0.99331        -8.54662
 1064           2.3227        14.82306        -4.13949       -12.50033
 1065           8.3613        15.18993         0.88685        -6.82858
 1066           1.9974        15.40540        -2.86686       -13.40804
 1067           5.7209        15.86631        -1.32244       -10.14538
 1068           8.4875        15.62222         0.75879        -7.13477
 1069            7.087        15.91104         0.26111        -8.82400
 1070           6.0918        15.96158        -1.90346        -9.86981
 1071           5.8428        16.59578        -1.09506       -10.75294
 1072           6.3144        16.18789        -0.47781        -9.87351
 1073           7.7862        15.97307         1.07973        -8.18687
 1074           1.6277        16.43666        -4.74101       -14.80895
 1075           9.9809        16.04522         2.24520        -6.06435
 1076           7.2587        16.28036        -1.97328        -9.02167
 1077           5.4347        16.40813        -2.89145       -10.97345
 1078           7.3638        15.90798         0.53200        -8.54417
 1079           4.4875        16.24352        -2.06537       -11.75602
 1080           4.1149        16.34675        -1.86643       -12.23188
 1081           13.916        16.58891         3.76057        -2.67301
 1082           13.558        16.28989         4.13571        -2.73179
 1083           11.325        16.76087         1.24325        -5.43627
 1084           7.1013        16.17383        -0.49736        -9.07253
 1085             4.09        16.26293        -3.21260       -12.17288
 1086           3.1465        15.91808        -1.08425       -12.77157
 1087           3.1872        15.81174        -1.54507       -12.62454
 1088           4.6984        15.99220         0.18445       -11.29376
 1089           3.0891        15.83344        -1.43756       -12.74433
 1090           3.8844        15.93994        -1.42215       -12.05555
 1091           3.5199        15.88269        -2.45323       -12.36276
 1092           3.0483        16.25881        -3.09084       -13.21049
 1093           8.2481        15.98544         3.08462        -7.73735
 1094           8.9166        16.78450        -0.72002        -7.86790
 1095            4.767        16.50677        -3.72921       -11.73978
 1096           2.6761        15.95012        -4.24513       -13.27405
 1097           9.5896        16.14602         2.54742        -6.55642
 1098           6.7433        15.22388        -2.34359        -8.48059
 1099           12.757        14.45933         7.59274        -1.70243
 1100            8.716        15.19271         1.90560        -6.47668
 1101           2.3801        15.06939        -1.80555       -12.68928
 1102           2.7162        14.34631        -0.41829       -11.63008
 1103           3.5135        14.41306        -1.84975       -10.89959
 1104           3.2305        13.43422        -1.24945       -10.20369
 1105           3.8765        15.75187        -0.94203       -11.87539
 1106           2.7515        15.66570        -1.61377       -12.91425
 1107            2.881        15.65439        -2.84058       -12.77336
============================== END OF REPORT ================================

