>>03/12/2019 14:43:34
REGRESSION
----------
SUMMARY OF OUTPUT: SPATIAL LAG MODEL - MAXIMUM LIKELIHOOD ESTIMATION
Data set            : FinalShapeFile
Spatial Weight      : FinalShapeFile weights_LSOA11CD as ID 
Dependent Variable  :  LSOA2011 A  Number of Observations: 1107
Mean dependent var  :     13.0277  Number of Variables   :    3
S.D. dependent var  :     10.1781  Degrees of Freedom    : 1104
Lag coeff.   (Rho)  :    -0.27393

R-squared           :    0.018089  Log likelihood        :    -4129.24
Sq. Correlation     : -            Akaike info criterion :     8264.48
Sigma-square        :     101.719  Schwarz criterion     :     8279.51
S.E of regression   :     10.0856

-----------------------------------------------------------------------------
       Variable       Coefficient     Std.Error       z-value    Probability
-----------------------------------------------------------------------------
      W_LSOA2011 A      -0.27393       0.373302      -0.733802     0.46307
          CONSTANT       16.4528       0.822276        20.0089     0.00000
        lsoademo_6    -0.0675956      0.0150904       -4.47937     0.00001
-----------------------------------------------------------------------------

REGRESSION DIAGNOSTICS
DIAGNOSTICS FOR HETEROSKEDASTICITY 
RANDOM COEFFICIENTS
TEST                                     DF      VALUE        PROB
Breusch-Pagan test                       1         6.3473     0.01176

DIAGNOSTICS FOR SPATIAL DEPENDENCE
SPATIAL LAG DEPENDENCE FOR WEIGHT MATRIX : FinalShapeFile weights_LSOA11CD as ID 
TEST                                     DF      VALUE        PROB
Likelihood Ratio Test                    1         0.1842     0.66782

  OBS      LSOA2011 A        PREDICTED        RESIDUAL       PRED ERROR
    1           4.6755        10.19346        -5.51798        -5.51798
    2           2.6159        10.24753        -7.63165        -7.63165
    3           2.8147        10.13262        -7.31790        -7.31790
    4           4.4925        10.15966        -5.66713        -5.66713
    5           4.9463        10.55847        -5.61220        -5.61220
    6           4.8039        10.74098        -5.93704        -5.93704
    7           3.3573        10.71394        -7.35669        -7.35669
    8           6.7797        10.68690        -3.90715        -3.90715
    9           14.242        13.13387         1.10783         1.10783
   10           6.4747        11.23443        -4.75975        -4.75975
   11           3.8218        10.72070        -6.89895        -6.89895
   12           9.6078        13.39073        -3.78290        -3.78290
   13           5.6252        10.24077        -4.61557        -4.61557
   14           3.6551        10.90997        -7.25485        -7.25485
   15           4.6898        10.82886        -6.13905        -6.13905
   16           8.0451        13.20146        -5.15633        -5.15633
   17           6.2742        13.32313        -7.04889        -7.04889
   18           6.9993        12.91756        -5.91830        -5.91830
   19          0.86423        10.71394        -9.84972        -9.84972
   20           4.5198        10.55847        -6.03866        -6.03866
   21           4.5078        10.45708        -5.94931        -5.94931
   22           3.4931        11.03840        -7.54532        -7.54532
   23           5.5796        11.23443        -5.65483        -5.65483
   24           7.3884        10.99108        -3.60263        -3.60263
   25           4.5241        10.51792        -5.99379        -5.99379
   26             7.74        12.86348        -5.12346        -5.12346
   27           12.947        12.49171         0.45499         0.45499
   28           8.0691        12.84320        -4.77406        -4.77406
   29           4.4812        12.58634        -8.10516        -8.10516
   30           11.731        13.12035        -1.38925        -1.38925
   31           4.1925        12.70801        -8.51552        -8.51552
   32           12.002        12.99867        -0.99657        -0.99657
   33           13.127        13.02571         0.10109         0.10109
   34           4.5724        12.70801        -8.13562        -8.13562
   35           13.636        10.68014         2.95596         2.95596
   36           18.281        11.01812         7.26268         7.26268
   37           5.4967        11.19387        -5.69715        -5.69715
   38           6.4013        10.62607        -4.22472        -4.22472
   39            7.163        10.45708        -3.29411        -3.29411
   40           13.519        10.78154         2.73716         2.73716
   41           14.277        11.09924         3.17746         3.17746
   42           10.941        10.85589         0.08531         0.08531
   43           9.0905        11.99150        -2.90105        -2.90105
   44           15.322        11.91038         3.41112         3.41112
   45           18.137        12.15373         5.98377         5.98377
   46            15.47        12.57958         2.89012         2.89012
   47           15.114        11.47777         3.63593         3.63593
   48           13.662        10.71394         2.94846         2.94846
   49           11.277        12.97840        -1.70130        -1.70130
   50           8.9393        12.92432        -3.98504        -3.98504
   51           4.1254        10.78830        -6.66294        -6.66294
   52           9.2043        11.36286        -2.15855        -2.15855
   53           7.2449        11.11276        -3.86785        -3.86785
   54           5.5574        10.98432        -5.42693        -5.42693
   55           11.049        10.86941         0.17919         0.17919
   56           7.9219        10.60579        -2.68392        -2.68392
   57           5.5598        10.84913        -5.28933        -5.28933
   58           6.5614        10.85589        -4.29450        -4.29450
   59           16.453        10.59227         5.86113         5.86113
   60           5.1773        10.41652        -5.23918        -5.23918
   61           3.9343        10.38948        -6.45516        -6.45516
   62           10.772        10.39624         0.37606         0.37606
   63           9.3492        10.10558        -0.75636        -0.75636
   64           20.672        10.63283        10.03947        10.03947
   65           3.3297        10.60579        -7.27609        -7.27609
   66           5.2686        10.49088        -5.22224        -5.22224
   67           9.0831        10.76126        -1.67812        -1.67812
   68           6.9311        10.31513        -3.38400        -3.38400
   69            9.836        11.13979        -1.30383        -1.30383
   70            9.254        10.54495        -1.29092        -1.29092
   71           6.4086        10.57199        -4.16343        -4.16343
   72           10.172        10.79506        -0.62306        -0.62306
   73           7.6276        11.43722        -3.80962        -3.80962
   74           16.779        10.82210         5.95700         5.95700
   75           9.0111        11.38314        -2.37202        -2.37202
   76           6.6471        10.52467        -3.87753        -3.87753
   77            6.107        10.98432        -4.87736        -4.87736
   78           28.017        13.22850        14.78800        14.78800
   79           23.638        13.85714         9.78066         9.78066
   80           17.764        14.58041         3.18319         3.18319
   81           9.8165        13.14738        -3.33086        -3.33086
   82           11.093        12.78913        -1.69643        -1.69643
   83           6.7759        12.74857        -5.97271        -5.97271
   84           9.8204        13.64759        -3.82720        -3.82720
   85           8.0195        13.03247        -5.01302        -5.01302
   86           15.619        12.87700         2.74170         2.74170
   87           21.108        12.76885         8.33915         8.33915
   88           22.003        11.47777        10.52523        10.52523
   89           7.9046        10.54495        -2.64033        -2.64033
   90            20.03        11.51157         8.51853         8.51853
   91           4.0874        11.95770        -7.87029        -7.87029
   92           10.104        12.35652        -2.25262        -2.25262
   93           5.0229        12.18077        -7.15787        -7.15787
   94           3.8394        11.87659        -8.03718        -8.03718
   95           2.2541        11.31554        -9.06147        -9.06147
   96           6.7017        11.99150        -5.28982        -5.28982
   97            4.891        12.26188        -7.37089        -7.37089
   98           7.2737        11.46425        -4.19059        -4.19059
   99           3.3386        10.93701        -7.59840        -7.59840
  100           2.7147        11.43046        -8.71574        -8.71574
  101           5.7759        10.99108        -5.21522        -5.21522
  102           3.8279        10.79506        -6.96717        -6.96717
  103           8.3261        11.01136        -2.68529        -2.68529
  104           6.8844        11.41018        -4.52582        -4.52582
  105           7.5943        12.18077        -4.58649        -4.58649
  106           4.2541        11.82927        -7.57520        -7.57520
  107           6.3456        11.19387        -4.84823        -4.84823
  108           14.755        10.82210         3.93260         3.93260
  109           18.691        11.07220         7.61860         7.61860
  110           17.133        11.33582         5.79678         5.79678
  111           13.397        12.97840         0.41830         0.41830
  112           9.6074        12.41059        -2.80319        -2.80319
  113           15.071        11.38314         3.68796         3.68796
  114           4.4953        12.53226        -8.03692        -8.03692
  115           4.8521        11.80223        -6.95014        -6.95014
  116           6.7984        14.28299        -7.48456        -7.48456
  117           18.995        14.27623         4.71907         4.71907
  118           8.6915        13.81658        -5.12512        -5.12512
  119           13.277        14.42494        -1.14764        -1.14764
  120           9.7613        13.39749        -3.63622        -3.63622
  121           8.8036        13.62055        -4.81693        -4.81693
  122           4.0287        11.98474        -7.95604        -7.95604
  123            4.961        11.81575        -6.85476        -6.85476
  124           3.2017        11.31554        -8.11388        -8.11388
  125           5.2192        11.88335        -6.66410        -6.66410
  126           5.1195        11.61296        -6.49345        -6.49345
  127           6.5007        12.41059        -5.90990        -5.90990
  128           4.6133        12.18077        -7.56746        -7.56746
  129           4.7607        11.93066        -7.16994        -7.16994
  130           4.7133        12.38355        -7.67025        -7.67025
  131           9.8141        13.17442        -3.36028        -3.36028
  132           8.8119        13.72871        -4.91682        -4.91682
  133           9.1105        12.80941        -3.69889        -3.69889
  134           5.7426        12.80265        -7.06004        -7.06004
  135           9.3519        13.49212        -4.14021        -4.14021
  136           4.5961        13.40425        -8.80817        -8.80817
  137           30.148        13.70843        16.43957        16.43957
  138           39.556        14.04641        25.50969        25.50969
  139           17.761        13.64759         4.11301         4.11301
  140           5.1851        13.83686        -8.65179        -8.65179
  141           13.685        12.68773         0.99687         0.99687
  142           12.109        13.92473        -1.81543        -1.81543
  143           8.7545        12.16049        -3.40601        -3.40601
  144           2.9455        14.18160       -11.23610       -11.23610
  145           6.8281        14.66153        -7.83345        -7.83345
  146           7.7443        12.81617        -5.07183        -5.07183
  147           17.984        13.47184         4.51256         4.51256
  148            12.13        13.38397        -1.25437        -1.25437
  149           10.406        11.53861        -1.13281        -1.13281
  150           9.3272        12.77561        -3.44843        -3.44843
  151           16.733        13.73547         2.99753         2.99753
  152           9.8676        13.15414        -3.28650        -3.28650
  153           17.727        13.17442         4.55238         4.55238
  154           13.601        13.68815        -0.08765        -0.08765
  155           15.433        10.71394         4.71946         4.71946
  156           17.547        10.72746         6.82004         6.82004
  157           12.553        11.98474         0.56826         0.56826
  158           19.853        14.02613         5.82667         5.82667
  159           31.576        13.57324        18.00286        18.00286
  160           9.4206        14.43170        -5.01113        -5.01113
  161           18.268        13.49888         4.76892         4.76892
  162           6.0486        12.17401        -6.12545        -6.12545
  163           4.3798        11.71436        -7.33452        -7.33452
  164           9.6685        12.98516        -3.31664        -3.31664
  165            11.42        11.85631        -0.43591        -0.43591
  166           11.694        12.37004        -0.67634        -0.67634
  167           43.348        13.16090        30.18750        30.18750
  168           4.7075        12.47143        -7.76390        -7.76390
  169           11.428        13.07303        -1.64453        -1.64453
  170           8.9258        12.76209        -3.83625        -3.83625
  171           4.1539        13.62731        -9.47338        -9.47338
  172           4.6098        13.08655        -8.47670        -8.47670
  173           12.374        14.17484        -1.80034        -1.80034
  174           9.1922        13.87742        -4.68518        -4.68518
  175           9.1387        13.44481        -4.30609        -4.30609
  176           5.3938        13.80306        -8.40929        -8.40929
  177           11.369        13.01219        -1.64339        -1.64339
  178           4.6563        13.00543        -8.34912        -8.34912
  179           6.1367        12.76885        -6.63213        -6.63213
  180           10.854        13.53268        -2.67818        -2.67818
  181           9.3271        13.43805        -4.11092        -4.11092
  182           7.1876        13.37721        -6.18962        -6.18962
  183           9.1589        14.39790        -5.23903        -5.23903
  184           9.5046        13.55972        -4.05507        -4.05507
  185           14.216        13.27582         0.94038         0.94038
  186           7.7923        12.41059        -4.61831        -4.61831
  187           11.722        12.23484        -0.51254        -0.51254
  188           9.5918        12.06585        -2.47403        -2.47403
  189           19.206        14.56689         4.63871         4.63871
  190           13.463        12.54578         0.91742         0.91742
  191           7.2961        14.12752        -6.83143        -6.83143
  192           13.075        13.85714        -0.78254        -0.78254
  193           7.1673        14.96571        -7.79846        -7.79846
  194           12.073        13.12035        -1.04755        -1.04755
  195           19.095        13.82334         5.27196         5.27196
  196           7.3139        14.14780        -6.83387        -6.83387
  197           16.739        13.83010         2.90930         2.90930
  198           13.757        13.67463         0.08267         0.08267
  199           27.821        14.27623        13.54477        13.54477
  200           13.934        13.96529        -0.03089        -0.03089
  201           15.248        14.20864         1.03906         1.03906
  202           8.9875        14.06669        -5.07924        -5.07924
  203           10.861        11.84279        -0.98209        -0.98209
  204           10.597        11.70760        -1.11060        -1.11060
  205            21.62        12.32948         9.29012         9.29012
  206           7.4307        13.37045        -5.93978        -5.93978
  207           9.9937        12.48495        -2.49126        -2.49126
  208           4.8231        10.94377        -6.12066        -6.12066
  209           4.8568        12.20781        -7.35105        -7.35105
  210           21.917        13.43129         8.48541         8.48541
  211           5.6505        13.42453        -7.77401        -7.77401
  212           21.906        13.60703         8.29867         8.29867
  213           9.0607        13.20146        -4.14077        -4.14077
  214           7.9934        13.53268        -5.53924        -5.53924
  215           7.4892        13.25554        -5.76630        -5.76630
  216           6.6539        12.47819        -5.82429        -5.82429
  217           13.628        13.22850         0.39920         0.39920
  218           13.954        13.74223         0.21167         0.21167
  219           10.347        13.64083        -3.29363        -3.29363
  220           15.466        13.11359         2.35251         2.35251
  221           16.778        12.68773         4.09027         4.09027
  222           13.071        12.43763         0.63337         0.63337
  223           18.922        13.60703         5.31527         5.31527
  224           8.4914        12.91756        -4.42616        -4.42616
  225           20.206        12.39031         7.81549         7.81549
  226           22.769        12.14021        10.62909        10.62909
  227           6.6911        13.62731        -6.93617        -6.93617
  228           7.7549        13.47184        -5.71694        -5.71694
  229           9.9781        13.28258        -3.30452        -3.30452
  230           6.5614        12.98516        -6.42371        -6.42371
  231           6.6148        12.86348        -6.24868        -6.24868
  232           6.9244        13.28258        -6.35820        -6.35820
  233           5.3262        12.93108        -7.60493        -7.60493
  234            8.058        13.35693        -5.29895        -5.29895
  235           17.544        13.45156         4.09284         4.09284
  236           9.3713        12.34976        -2.97843        -2.97843
  237           11.861        13.02571        -1.16501        -1.16501
  238             8.09        11.60620        -3.51617        -3.51617
  239           4.1573        11.26823        -7.11092        -7.11092
  240           20.143        11.73464         8.40816         8.40816
  241           36.899        12.30244        24.59626        24.59626
  242           13.318        12.83644         0.48136         0.48136
  243           7.7676        12.34300        -4.57536        -4.57536
  244           13.308        12.19429         1.11411         1.11411
  245           40.266        13.32313        26.94307        26.94307
  246           24.944        11.72788        13.21652        13.21652
  247           30.083        13.70167        16.38173        16.38173
  248           17.256        11.61972         5.63678         5.63678
  249           3.3281        13.87742       -10.54931       -10.54931
  250           5.1295        14.10724        -8.97770        -8.97770
  251           3.9821        13.58000        -9.59786        -9.59786
  252           3.9532        13.36369        -9.41048        -9.41048
  253           3.8174        14.48578       -10.66834       -10.66834
  254           10.171        13.22174        -3.05084        -3.05084
  255           4.6838        13.67463        -8.99085        -8.99085
  256           18.988        10.82886         8.15934         8.15934
  257            2.877        14.05317       -11.17614       -11.17614
  258           3.2038        13.71519       -10.51143       -10.51143
  259           4.1977        13.64759        -9.44988        -9.44988
  260           15.714        13.36369         2.35051         2.35051
  261           11.833        12.20781        -0.37471        -0.37471
  262           13.736        12.54578         1.18992         1.18992
  263           19.398        14.18836         5.20954         5.20954
  264           15.859        12.58634         3.27276         3.27276
  265           31.465        12.72153        18.74317        18.74317
  266           25.114        12.62014        12.49406        12.49406
  267           25.395        14.87107        10.52403        10.52403
  268           29.733        13.81658        15.91652        15.91652
  269           26.675        13.12035        13.55445        13.55445
  270           19.537        13.13387         6.40263         6.40263
  271           12.348        14.34383        -1.99553        -1.99553
  272           20.289        12.95136         7.33734         7.33734
  273           20.115        12.61338         7.50202         7.50202
  274            24.86        13.72195        11.13835        11.13835
  275           12.958        12.97840        -0.02080        -0.02080
  276            2.671        14.64125       -11.97021       -11.97021
  277           5.0382        13.88418        -8.84602        -8.84602
  278           3.5312        14.14780       -10.61660       -10.61660
  279           5.5455        12.87024        -7.32476        -7.32476
  280           6.6047        14.81024        -8.20553        -8.20553
  281           7.5668        13.94501        -6.37817        -6.37817
  282           21.031        13.37721         7.65349         7.65349
  283           13.607        12.97840         0.62850         0.62850
  284            22.96        12.80941        10.15109        10.15109
  285           18.869        12.58634         6.28246         6.28246
  286           15.503        13.07979         2.42311         2.42311
  287             16.1        14.14780         1.95220         1.95220
  288           11.538        13.61379        -2.07559        -2.07559
  289           4.3983        12.28892        -7.89060        -7.89060
  290           6.3996        12.60662        -6.20699        -6.20699
  291           12.835        10.95053         1.88397         1.88397
  292           6.2451        12.93784        -6.69272        -6.69272
  293           8.1066        13.96529        -5.85872        -5.85872
  294           8.4743        13.55972        -5.08540        -5.08540
  295           5.6086        13.86390        -8.25531        -8.25531
  296           4.5229        11.84955        -7.32670        -7.32670
  297           7.6433        13.55972        -5.91646        -5.91646
  298           16.584        13.45832         3.12588         3.12588
  299           17.451        13.69491         3.75589         3.75589
  300            8.799        14.14104        -5.34204        -5.34204
  301           6.3156        14.22215        -7.90656        -7.90656
  302           12.034        15.09414        -3.06004        -3.06004
  303           7.0135        13.55972        -6.54624        -6.54624
  304           10.366        13.81658        -3.45048        -3.45048
  305           10.718        14.42494        -3.70674        -3.70674
  306           11.614        13.87066        -2.25696        -2.25696
  307           34.632        13.87742        20.75498        20.75498
  308           12.925        11.34934         1.57526         1.57526
  309           4.7633        11.01812        -6.25478        -6.25478
  310           4.8477        11.47101        -6.62330        -6.62330
  311           4.8733        11.23443        -6.36109        -6.36109
  312           8.6718        11.93066        -3.25887        -3.25887
  313           6.3709        11.47777        -5.10686        -5.10686
  314           10.545        11.82251        -1.27751        -1.27751
  315           3.2611        10.97757        -7.71652        -7.71652
  316            4.027        10.74098        -6.71398        -6.71398
  317           7.7924        11.06544        -3.27299        -3.27299
  318           6.1719        11.03840        -4.86649        -4.86649
  319           9.7145        11.33582        -1.62132        -1.62132
  320           8.4277        12.52550        -4.09781        -4.09781
  321           10.911        11.67380        -0.76280        -0.76280
  322           18.144        11.38990         6.75400         6.75400
  323           18.159        11.55889         6.59961         6.59961
  324           16.896        11.18035         5.71525         5.71525
  325            3.484        12.54578        -9.06174        -9.06174
  326           13.846        11.72788         2.11802         2.11802
  327             5.63        11.47101        -5.84096        -5.84096
  328           6.3488        13.54620        -7.19739        -7.19739
  329           9.2876        13.20822        -3.92063        -3.92063
  330           4.8111        13.72195        -8.91089        -8.91089
  331           6.3524        13.02571        -6.67334        -6.67334
  332           7.2866        13.85038        -6.56374        -6.56374
  333           9.0884        13.53268        -4.44427        -4.44427
  334           15.036        13.66787         1.36773         1.36773
  335           10.694        13.85714        -3.16354        -3.16354
  336           12.171        14.49254        -2.32134        -2.32134
  337           24.439        14.30327        10.13553        10.13553
  338           19.552        13.52592         6.02568         6.02568
  339           22.349        13.47860         8.87090         8.87090
  340           18.588        13.32313         5.26457         5.26457
  341           17.624        13.74223         3.88137         3.88137
  342           10.524        13.91122        -3.38772        -3.38772
  343           6.8365        13.39073        -6.55421        -6.55421
  344           6.1177        12.16725        -6.04959        -6.04959
  345           6.0422        13.73547        -7.69329        -7.69329
  346           5.8453        13.35693        -7.51161        -7.51161
  347           7.4411        12.41735        -4.97625        -4.97625
  348           6.8892        12.40383        -5.51466        -5.51466
  349           7.8529        13.14063        -5.28774        -5.28774
  350           2.6057        11.30878        -8.70312        -8.70312
  351           4.1469        10.88969        -6.74280        -6.74280
  352           4.5165        10.65987        -6.14339        -6.14339
  353           5.2456        10.36245        -5.11681        -5.11681
  354           6.1275        10.38272        -4.25519        -4.25519
  355           12.489        10.66663         1.82277         1.82277
  356           3.7173        11.43046        -7.71320        -7.71320
  357           2.9095        11.42370        -8.51420        -8.51420
  358           4.8265        11.61296        -6.78646        -6.78646
  359           6.9007        10.88293        -3.98224        -3.98224
  360           8.0844        10.92349        -2.83909        -2.83909
  361           4.5202        11.07220        -6.55205        -6.55205
  362           3.5534        11.09248        -7.53905        -7.53905
  363           7.0128        12.26864        -5.25584        -5.25584
  364           12.969        13.46508        -0.49608        -0.49608
  365           16.091        14.18836         1.90254         1.90254
  366           23.609        14.62097         8.98823         8.98823
  367           8.7111        13.26230        -4.55116        -4.55116
  368           15.632        14.01261         1.61929         1.61929
  369            13.33        13.47184        -0.14184        -0.14184
  370           9.7848        13.14738        -3.36263        -3.36263
  371           9.5278        13.17442        -3.64660        -3.64660
  372           19.503        13.07979         6.42291         6.42291
  373           8.7229        12.63366        -3.91078        -3.91078
  374           17.736        13.56648         4.16982         4.16982
  375            19.73        13.35017         6.37963         6.37963
  376           20.076        13.35017         6.72593         6.72593
  377           24.773        13.91122        10.86218        10.86218
  378           3.0852        12.45115        -9.36597        -9.36597
  379            6.178        12.55254        -6.37458        -6.37458
  380           8.1774        11.32906        -3.15163        -3.15163
  381           2.8279        11.27499        -8.44710        -8.44710
  382           8.7665        11.57917        -2.81268        -2.81268
  383           5.8766        12.89052        -7.01387        -7.01387
  384           6.1109        11.38990        -5.27903        -5.27903
  385           5.8403        11.89687        -6.05654        -6.05654
  386            3.257        11.60620        -8.34920        -8.34920
  387           4.4253        10.75450        -6.32918        -6.32918
  388           3.7575        10.71394        -6.95641        -6.95641
  389           6.7736        11.07896        -4.30536        -4.30536
  390           4.8808        11.07896        -6.19816        -6.19816
  391           3.6348        11.18711        -7.55234        -7.55234
  392           10.313        12.47819        -2.16519        -2.16519
  393           18.788        13.31637         5.47203         5.47203
  394           15.195        13.21498         1.98002         1.98002
  395           14.757        13.34341         1.41389         1.41389
  396           1.0872        12.63366       -11.54650       -11.54650
  397           14.321        13.04599         1.27461         1.27461
  398           28.861        13.58676        15.27454        15.27454
  399           4.3638        13.21498        -8.85120        -8.85120
  400           2.5909        13.68815       -11.09724       -11.09724
  401           5.8922        13.01895        -7.12670        -7.12670
  402            6.751        12.83644        -6.08545        -6.08545
  403           3.6788        13.39749        -9.71869        -9.71869
  404           5.8679        12.95136        -7.08348        -7.08348
  405           5.1741        13.35693        -8.18285        -8.18285
  406            19.42        13.54620         5.87390         5.87390
  407           27.692        13.30285        14.38905        14.38905
  408           9.3431        14.31003        -4.96689        -4.96689
  409           13.096        12.69449         0.40111         0.40111
  410           22.062        12.60662         9.45578         9.45578
  411            11.52        12.61338        -1.09368        -1.09368
  412           32.454        13.32989        19.12411        19.12411
  413            19.37        12.24836         7.12184         7.12184
  414           5.4172        11.54537        -6.12813        -6.12813
  415           7.9471        11.36962        -3.42252        -3.42252
  416           4.4987        11.66028        -7.16160        -7.16160
  417           3.9269        11.41694        -7.49000        -7.49000
  418           7.4391        11.88335        -4.44425        -4.44425
  419           7.8256        12.13345        -4.30782        -4.30782
  420           7.7111        12.59986        -4.88876        -4.88876
  421            20.79        14.37762         6.41208         6.41208
  422           11.178        14.86431        -3.68681        -3.68681
  423           4.3118        13.54620        -9.23444        -9.23444
  424           13.078        14.05993        -0.98153        -0.98153
  425           8.5424        14.46550        -5.92310        -5.92310
  426           9.5604        13.48536        -3.92492        -3.92492
  427           8.4169        14.13428        -5.71737        -5.71737
  428           4.9731        13.55972        -8.58663        -8.58663
  429            4.587        14.08020        -9.49317        -9.49317
  430           5.3413        13.79630        -8.45497        -8.45497
  431           15.168        13.67463         1.49367         1.49367
  432            9.693        13.76926        -4.07623        -4.07623
  433           3.7311        14.20188       -10.47075       -10.47075
  434           11.719        13.66111        -1.94241        -1.94241
  435           17.981        13.04599         4.93511         4.93511
  436           22.096        12.84996         9.24634         9.24634
  437           23.298        12.94460        10.35360        10.35360
  438           20.655        13.24878         7.40642         7.40642
  439           25.913        13.12711        12.78629        12.78629
  440             22.3        12.49847         9.80203         9.80203
  441           14.769        12.58634         2.18276         2.18276
  442           31.532        14.34383        17.18847        17.18847
  443           17.667        13.41101         4.25639         4.25639
  444           16.658        13.53944         3.11846         3.11846
  445           12.591        13.22174        -0.63024        -0.63024
  446           16.185        13.64759         2.53781         2.53781
  447           4.2772        13.03923        -8.76204        -8.76204
  448           4.7271        14.28975        -9.56267        -9.56267
  449           2.7654        11.53861        -8.77319        -8.77319
  450           3.8228        11.68732        -7.86452        -7.86452
  451           8.9818        11.71436        -2.73255        -2.73255
  452           3.3481        12.54578        -9.19770        -9.19770
  453           7.4855        12.25512        -4.76961        -4.76961
  454           8.8133        13.04599        -4.23274        -4.23274
  455            2.382        13.35017       -10.96818       -10.96818
  456           8.1019        13.21498        -5.11313        -5.11313
  457           9.8802        13.32989        -3.44965        -3.44965
  458           5.3398        13.74223        -8.40240        -8.40240
  459           11.849        13.22850        -1.37980        -1.37980
  460           14.399        13.24878         1.15072         1.15072
  461           12.752        13.86390        -1.11190        -1.11190
  462           6.2709        11.90363        -5.63277        -5.63277
  463            10.48        13.68139        -3.20109        -3.20109
  464             14.7        12.84996         1.85054         1.85054
  465           10.385        12.15373        -1.76893        -1.76893
  466            14.88        13.43805         1.44245         1.44245
  467           4.4902        12.49847        -8.00830        -8.00830
  468           7.5752        13.75575        -6.18056        -6.18056
  469           11.076        13.10007        -2.02417        -2.02417
  470           9.5126        13.20822        -3.69560        -3.69560
  471           1.5081        13.68815       -12.18009       -12.18009
  472           15.782        14.54661         1.23499         1.23499
  473           40.534        13.74899        26.78531        26.78531
  474           6.7869        13.20146        -6.41453        -6.41453
  475           26.333        12.91080        13.42260        13.42260
  476           12.457        14.08020        -1.62330        -1.62330
  477            7.033        12.98516        -5.95212        -5.95212
  478           14.171        12.88376         1.28694         1.28694
  479           7.3906        14.33031        -6.93972        -6.93972
  480           31.917        15.01978        16.89692        16.89692
  481           16.231        14.55337         1.67803         1.67803
  482           13.145        11.81575         1.32915         1.32915
  483             7.46        11.38314        -3.92313        -3.92313
  484           8.2028        11.76167        -3.55886        -3.55886
  485           4.5869        12.68773        -8.10087        -8.10087
  486            6.753        12.05910        -5.30608        -5.30608
  487           4.8654        12.79589        -7.93050        -7.93050
  488           6.3986        12.16049        -5.76190        -5.76190
  489           7.0149        12.70801        -5.69310        -5.69310
  490           7.4355        12.67422        -5.23871        -5.23871
  491           5.7512        11.77519        -6.02398        -6.02398
  492           3.8584        11.60620        -7.74776        -7.74776
  493           3.0149        12.53902        -9.52413        -9.52413
  494           2.5171        12.13345        -9.61635        -9.61635
  495            4.821        12.01178        -7.19077        -7.19077
  496           4.0769        13.08655        -9.00962        -9.00962
  497           6.6856        12.24160        -5.55600        -5.55600
  498           4.7284        11.99826        -7.26988        -7.26988
  499           7.4282        11.47101        -4.04279        -4.04279
  500           5.8299        11.63324        -5.80331        -5.80331
  501           3.4836        13.22850        -9.74487        -9.74487
  502           5.8107        13.31637        -7.50566        -7.50566
  503           16.953        14.11400         2.83890         2.83890
  504           8.9103        13.35017        -4.43988        -4.43988
  505           9.0879        13.61379        -4.52585        -4.52585
  506           8.5049        13.85038        -5.34543        -5.34543
  507           3.4708        11.96446        -8.49366        -8.49366
  508            3.681        11.66704        -7.98602        -7.98602
  509           5.2242        11.58593        -6.36170        -6.36170
  510             9.07        11.51833        -2.44835        -2.44835
  511           5.9227        12.10641        -6.18374        -6.18374
  512           7.4865        11.91714        -4.43060        -4.43060
  513           6.9095        11.78195        -4.87248        -4.87248
  514           5.8748        11.78195        -5.90719        -5.90719
  515           5.8879        11.77519        -5.88728        -5.88728
  516           4.9585        11.83603        -6.87753        -6.87753
  517           4.9428        11.65352        -6.71067        -6.71067
  518           7.3862        11.86983        -4.48364        -4.48364
  519           14.571        11.81575         2.75485         2.75485
  520           11.056        12.33624        -1.27994        -1.27994
  521            9.591        11.70084        -2.10980        -2.10980
  522           4.9151        11.70760        -6.79249        -6.79249
  523           8.7013        11.68056        -2.97930        -2.97930
  524           5.7834        11.66704        -5.88368        -5.88368
  525           4.3092        12.35652        -8.04729        -8.04729
  526           5.2047        12.70801        -7.50333        -7.50333
  527           5.3149        12.32948        -7.01455        -7.01455
  528           9.7142        13.07979        -3.36558        -3.36558
  529           14.538        13.12035         1.41735         1.41735
  530           5.9746        12.47143        -6.49679        -6.49679
  531           2.2615        11.27499        -9.01345        -9.01345
  532          0.79461        10.53143        -9.73683        -9.73683
  533            2.627        10.52467        -7.89771        -7.89771
  534           1.5723        10.72746        -9.15517        -9.15517
  535           5.5635        10.50440        -4.94094        -4.94094
  536           3.1784        15.62814       -12.44979       -12.44979
  537           17.973        16.04724         1.92596         1.92596
  538           11.742        15.93908        -4.19658        -4.19658
  539           12.302        15.76334        -3.46144        -3.46144
  540           12.527        13.85038        -1.32368        -1.32368
  541           7.6975        13.28934        -5.59182        -5.59182
  542           9.0668        14.27623        -5.20940        -5.20940
  543           5.3028        14.70884        -9.40604        -9.40604
  544           10.482        14.05317        -3.57147        -3.57147
  545           14.649        15.05358        -0.40458        -0.40458
  546           17.338        14.58041         2.75729         2.75729
  547           12.866        14.64125        -1.77495        -1.77495
  548           14.486        15.14821        -0.66211        -0.66211
  549           24.755        13.33665        11.41865        11.41865
  550            8.614        15.83093        -7.21695        -7.21695
  551           10.298        15.89853        -5.60043        -5.60043
  552           10.176        15.84445        -5.66885        -5.66885
  553           12.387        15.68898        -3.30228        -3.30228
  554           13.386        15.54703        -2.16063        -2.16063
  555           10.324        15.94584        -5.62164        -5.62164
  556           4.2796        15.41184       -11.13220       -11.13220
  557           12.832        15.17525        -2.34345        -2.34345
  558           5.5085        15.08738        -9.57885        -9.57885
  559            3.569        15.08062       -11.51160       -11.51160
  560           9.4161        15.56055        -6.14443        -6.14443
  561           1.1773        15.11442       -13.93716       -13.93716
  562           8.3893        15.51999        -7.13066        -7.13066
  563           4.4175        15.11442       -10.69693       -10.69693
  564           5.2486        15.10090        -9.85229        -9.85229
  565            7.221        14.51958        -7.29863        -7.29863
  566           13.662        15.81741        -2.15531        -2.15531
  567           12.698        15.30368        -2.60598        -2.60598
  568           14.658        15.10766        -0.44986        -0.44986
  569           10.801        15.92556        -5.12466        -5.12466
  570           10.373        15.32396        -4.95136        -4.95136
  571           13.101        14.45874        -1.35794        -1.35794
  572            17.74        15.26313         2.47707         2.47707
  573           2.2466        15.19553       -12.94895       -12.94895
  574           7.8228        13.00543        -5.18264        -5.18264
  575           5.3525        13.35693        -8.00446        -8.00446
  576          0.89155        13.38397       -12.49242       -12.49242
  577            6.081        14.38438        -8.30334        -8.30334
  578           5.4165        13.95853        -8.54207        -8.54207
  579            5.963        13.68815        -7.72517        -7.72517
  580           6.9491        14.47902        -7.52988        -7.52988
  581           11.253        14.26947        -3.01647        -3.01647
  582           13.348        14.58041        -1.23291        -1.23291
  583           12.775        14.64125        -1.86665        -1.86665
  584           5.1164        12.63366        -7.51724        -7.51724
  585           3.4386        13.92473       -10.48610       -10.48610
  586            6.182        13.35693        -7.17493        -7.17493
  587           10.809        14.37762        -3.56912        -3.56912
  588           7.6987        14.07344        -6.37474        -6.37474
  589           13.671        14.46550        -0.79420        -0.79420
  590           9.1383        12.01854        -2.88020        -2.88020
  591           11.136        11.24119        -0.10479        -0.10479
  592           3.1146        11.40342        -8.28879        -8.28879
  593           2.7393        11.26823        -8.52889        -8.52889
  594           8.5563        12.43087        -3.87459        -3.87459
  595           2.6996        11.99826        -9.29863        -9.29863
  596           2.5003        10.88293        -8.38263        -8.38263
  597           10.565        13.58000        -3.01470        -3.01470
  598            14.38        13.73547         0.64483         0.64483
  599           5.4883        12.74857        -7.26022        -7.26022
  600           1.5368        13.22174       -11.68499       -11.68499
  601           3.6243        13.44481        -9.82052        -9.82052
  602           4.4733        13.78278        -9.30951        -9.30951
  603           11.503        14.73588        -3.23278        -3.23278
  604           10.177        14.99950        -4.82300        -4.82300
  605            5.019        14.29651        -9.27750        -9.27750
  606           3.1956        14.42494       -11.22930       -11.22930
  607           3.1189        14.26271       -11.14382       -11.14382
  608           2.5531        14.40466       -11.85152       -11.85152
  609           4.1642        13.89770        -9.73349        -9.73349
  610           2.9415        14.94543       -12.00388       -12.00388
  611           3.9417        15.24285       -11.30119       -11.30119
  612           3.7184        15.21581       -11.49738       -11.49738
  613           5.9654        15.57407        -9.60863        -9.60863
  614           10.441        15.64166        -5.20046        -5.20046
  615           8.5236        15.64166        -7.11805        -7.11805
  616           29.503        15.44564        14.05696        14.05696
  617           12.486        13.99233        -1.50603        -1.50603
  618           2.0605        15.19553       -13.13505       -13.13505
  619           17.252        14.60745         2.64445         2.64445
  620           5.2193        14.98599        -9.76668        -9.76668
  621           11.076        14.95895        -3.88255        -3.88255
  622           10.636        14.99950        -4.36300        -4.36300
  623           12.775        14.62773        -1.85253        -1.85253
  624           10.852        15.09414        -4.24164        -4.24164
  625           5.6394        11.57917        -5.93977        -5.93977
  626           5.7749        11.49129        -5.71639        -5.71639
  627           8.8108        12.39031        -3.57954        -3.57954
  628           14.165        13.13387         1.03143         1.03143
  629           7.6979        11.61972        -3.92182        -3.92182
  630           1.6723        11.89011       -10.21784       -10.21784
  631           10.833        11.99150        -1.15840        -1.15840
  632           10.451        12.70125        -2.25005        -2.25005
  633           3.8223        12.79589        -8.97359        -8.97359
  634           3.2651        13.31637       -10.05129       -10.05129
  635            2.568        12.87700       -10.30897       -10.30897
  636           3.2221        12.84320        -9.62108        -9.62108
  637           3.5944        13.58676        -9.99235        -9.99235
  638           7.5621        12.83644        -5.27433        -5.27433
  639            3.417        13.02571        -9.60868        -9.60868
  640           10.812        15.12118        -4.30948        -4.30948
  641           13.183        15.24961        -2.06651        -2.06651
  642           11.374        15.22933        -3.85533        -3.85533
  643           7.2221        14.49930        -7.27724        -7.27724
  644           12.676        14.89135        -2.21575        -2.21575
  645             9.41        14.90487        -5.49490        -5.49490
  646           4.5279        11.51157        -6.98367        -6.98367
  647           9.1972        12.41735        -3.22018        -3.22018
  648            4.716        11.60620        -6.89016        -6.89016
  649           4.8904        11.58593        -6.69557        -6.69557
  650           4.5058        11.87659        -7.37077        -7.37077
  651           5.8686        11.54537        -5.67681        -5.67681
  652           1.2993        12.02530       -10.72602       -10.72602
  653           4.5183        11.13979        -6.62151        -6.62151
  654           25.695        15.38480        10.30980        10.30980
  655           14.629        15.61462        -0.98572        -0.98572
  656           6.6337        15.76334        -9.12969        -9.12969
  657           5.1061        15.18201       -10.07591       -10.07591
  658           2.8888        14.85079       -11.96201       -11.96201
  659           6.6151        15.28341        -8.66826        -8.66826
  660           11.564        15.13470        -3.57030        -3.57030
  661           5.1731        15.23609       -10.06298       -10.06298
  662           11.922        15.55379        -3.63219        -3.63219
  663           4.9862        14.56689        -9.58071        -9.58071
  664           5.9321        14.50606        -8.57392        -8.57392
  665           4.7096        14.76968       -10.06006       -10.06006
  666           4.8637        14.79672        -9.93298        -9.93298
  667           7.3452        13.57324        -6.22801        -6.22801
  668           9.4361        14.95219        -5.51611        -5.51611
  669           5.9263        15.27665        -9.35039        -9.35039
  670           3.2311        11.22767        -7.99656        -7.99656
  671           6.6619        11.20063        -4.53878        -4.53878
  672           10.933        11.57241        -0.63981        -0.63981
  673           4.7592        14.49930        -9.74008        -9.74008
  674           10.358        14.68856        -4.33096        -4.33096
  675           11.479        14.95895        -3.48005        -3.48005
  676           7.7764        14.97247        -7.19608        -7.19608
  677            10.07        15.18877        -5.11907        -5.11907
  678           6.8104        15.08738        -8.27696        -8.27696
  679           8.0251        14.68181        -6.65674        -6.65674
  680            6.232        15.19553        -8.96353        -8.96353
  681           7.2691        11.70084        -4.43171        -4.43171
  682           5.0454        12.52550        -7.48005        -7.48005
  683           3.2343        13.51240       -10.27807       -10.27807
  684            3.649        11.32906        -7.68003        -7.68003
  685           2.3017        13.03923       -10.73756       -10.73756
  686           7.1302        11.58593        -4.45571        -4.45571
  687           9.5274        11.53861        -2.01120        -2.01120
  688           7.7392        15.25637        -7.51715        -7.51715
  689           10.843        15.30368        -4.46058        -4.46058
  690           9.0598        15.04682        -5.98703        -5.98703
  691            12.82        15.22257        -2.40207        -2.40207
  692           5.4316        14.16808        -8.73647        -8.73647
  693           7.4961        14.99950        -7.50336        -7.50336
  694           4.9297        14.93867       -10.00898       -10.00898
  695           10.761        14.35735        -3.59595        -3.59595
  696           21.473        14.56689         6.90611         6.90611
  697           19.546        15.47943         4.06627         4.06627
  698           31.033        14.90487        16.12813        16.12813
  699           6.9153        15.24285        -8.32760        -8.32760
  700           10.184        14.93867        -4.75487        -4.75487
  701           4.3111        14.29651        -9.98544        -9.98544
  702           8.0269        14.93867        -6.91181        -6.91181
  703           18.528        15.00626         3.52204         3.52204
  704          0.79217        11.84955       -11.05738       -11.05738
  705           4.3121        11.35610        -7.04398        -7.04398
  706           3.6226        12.11317        -8.49060        -8.49060
  707           4.3191        11.78871        -7.46959        -7.46959
  708            4.093        11.63324        -7.54019        -7.54019
  709           9.2572        11.79547        -2.53828        -2.53828
  710           9.2659        13.21498        -3.94911        -3.94911
  711           9.0732        13.26230        -4.18910        -4.18910
  712           20.396        15.49971         4.89679         4.89679
  713           3.9376        13.92473        -9.98716        -9.98716
  714           10.717        14.88459        -4.16729        -4.16729
  715            3.825        13.93825       -10.11329       -10.11329
  716           85.889        12.97840        72.91090        72.91090
  717           19.905        13.97881         5.92669         5.92669
  718           28.999        13.26906        15.73004        15.73004
  719           22.053        14.10048         7.95282         7.95282
  720           25.559        12.57282        12.98628        12.98628
  721           27.384        11.68732        15.69688        15.69688
  722            20.73        12.41735         8.31305         8.31305
  723           19.171        12.58634         6.58456         6.58456
  724           17.396        13.22850         4.16710         4.16710
  725           30.451        11.39666        19.05444        19.05444
  726           30.379        12.11993        18.25927        18.25927
  727           24.948        12.64718        12.30052        12.30052
  728           17.667        14.01937         3.64803         3.64803
  729           18.307        13.20146         5.10584         5.10584
  730           17.669        12.61338         5.05592         5.05592
  731           11.001        13.58676        -2.58536        -2.58536
  732           20.687        13.30285         7.38425         7.38425
  733           25.675        12.74857        12.92663        12.92663
  734            13.08        13.49212        -0.41202        -0.41202
  735           12.344        12.22808         0.11632         0.11632
  736            14.52        11.85631         2.66319         2.66319
  737           12.546        13.35017        -0.80377        -0.80377
  738           11.286        13.35693        -2.07143        -2.07143
  739           7.1474        12.18753        -5.04017        -5.04017
  740           19.051        11.29526         7.75544         7.75544
  741           22.484        14.26947         8.21493         8.21493
  742           27.089        12.33624        14.75246        14.75246
  743           17.015        13.39073         3.62447         3.62447
  744           7.2114        11.49129        -4.27985        -4.27985
  745           19.827        13.55972         6.26698         6.26698
  746           11.982        12.73505        -0.75275        -0.75275
  747           15.399        12.08613         3.31237         3.31237
  748           11.178        13.26906        -2.09066        -2.09066
  749           14.646        12.73505         1.91085         1.91085
  750           10.511        13.23526        -2.72376        -2.72376
  751           15.399        14.41818         0.98092         0.98092
  752           19.671        14.26947         5.40153         5.40153
  753           11.224        12.78913        -1.56483        -1.56483
  754           8.7361        13.60028        -4.86421        -4.86421
  755           12.173        13.41101        -1.23781        -1.23781
  756           24.542        14.08696        10.45544        10.45544
  757           7.9103        13.42453        -5.51419        -5.51419
  758           59.165        13.70843        45.45687        45.45687
  759            25.25        13.24202        12.00828        12.00828
  760           40.515        13.77602        26.73898        26.73898
  761           23.017        13.93149         9.08551         9.08551
  762           23.705        14.08696         9.61844         9.61844
  763            22.14        14.67505         7.46445         7.46445
  764           19.485        14.34383         5.14097         5.14097
  765           6.7222        13.50564        -6.78347        -6.78347
  766            18.25        14.20188         4.04822         4.04822
  767           29.893        13.03923        16.85417        16.85417
  768           33.554        13.47860        20.07580        20.07580
  769           32.206        14.20864        17.99706        17.99706
  770           26.553        12.20781        14.34479        14.34479
  771            19.28        12.47143         6.80857         6.80857
  772           21.444        12.95136         8.49304         8.49304
  773           34.526        12.52550        22.00010        22.00010
  774           21.085        13.41777         7.66713         7.66713
  775           28.123        15.09414        13.02886        13.02886
  776           38.958        14.63449        24.32321        24.32321
  777           25.675        13.70843        11.96617        11.96617
  778           35.635        13.18118        22.45372        22.45372
  779           40.541        14.68181        25.85869        25.85869
  780           32.352        12.43087        19.92063        19.92063
  781           38.785        13.47860        25.30610        25.30610
  782           6.9833        12.78237        -5.79910        -5.79910
  783           5.9221        12.42411        -6.50199        -6.50199
  784           8.3093        12.71477        -4.40546        -4.40546
  785           20.792        11.34934         9.44306         9.44306
  786           10.404        13.00543        -2.60163        -2.60163
  787           17.148        11.26823         5.87977         5.87977
  788           29.335        13.30961        16.02579        16.02579
  789           27.552        12.54578        15.00612        15.00612
  790           29.303        13.99909        15.30371        15.30371
  791           32.042        11.77519        20.26651        20.26651
  792           6.2847        13.18118        -6.89653        -6.89653
  793           7.2508        11.41694        -4.16612        -4.16612
  794           25.726        14.93867        10.78733        10.78733
  795           21.991        15.02654         6.96446         6.96446
  796             18.5        13.66787         4.83223         4.83223
  797           17.754        14.62773         3.12587         3.12587
  798           16.991        14.28299         2.70791         2.70791
  799           8.6288        14.21540        -5.58660        -5.58660
  800           8.7005        14.35059        -5.65007        -5.65007
  801           10.259        14.31679        -4.05729        -4.05729
  802           13.895        14.48578        -0.59078        -0.59078
  803           8.3766        13.83686        -5.46023        -5.46023
  804           23.524        14.00585         9.51825         9.51825
  805           20.174        11.98474         8.18876         8.18876
  806            18.48        12.19429         6.28591         6.28591
  807           31.996        12.33624        19.65956        19.65956
  808           21.783        13.58676         8.19664         8.19664
  809           28.593        13.69491        14.89809        14.89809
  810           16.973        13.40425         3.56885         3.56885
  811           19.864        13.10683         6.75687         6.75687
  812           23.074        15.16173         7.91267         7.91267
  813           22.372        12.13345        10.23805        10.23805
  814           21.328        13.18794         8.14036         8.14036
  815           24.213        14.37087         9.84243         9.84243
  816           31.724        13.78278        17.94162        17.94162
  817           23.271        12.82293        10.44837        10.44837
  818           14.965        14.66829         0.29651         0.29651
  819           10.452        15.20229        -4.75059        -4.75059
  820           12.758        15.20229        -2.44419        -2.44419
  821           17.323        13.87066         3.45234         3.45234
  822           18.544        14.21540         4.32820         4.32820
  823           18.341        15.12118         3.21952         3.21952
  824           25.172        14.05317        11.11843        11.11843
  825           22.671        14.15456         8.51664         8.51664
  826           24.271        14.41818         9.85332         9.85332
  827            19.89        13.78954         6.10096         6.10096
  828           22.424        12.53902         9.88458         9.88458
  829           14.101        11.32906         2.77184         2.77184
  830           11.657        11.59269         0.06451         0.06451
  831           22.528        11.30202        11.22588        11.22588
  832           28.048        12.41735        15.63025        15.63025
  833           19.119        15.02654         4.09256         4.09256
  834           18.807        13.41101         5.39559         5.39559
  835           18.196        11.31554         6.88006         6.88006
  836           27.741        14.45198        13.28952        13.28952
  837           26.027        14.19512        11.83228        11.83228
  838           27.034        14.74264        12.29116        12.29116
  839           32.697        15.22933        17.46807        17.46807
  840           21.228        13.41777         7.81033         7.81033
  841           26.515        14.83728        11.67822        11.67822
  842           24.822        14.08020        10.74150        10.74150
  843           46.855        13.37045        33.48495        33.48495
  844           76.633        11.87659        64.75641        64.75641
  845           17.999        13.89770         4.10110         4.10110
  846           38.811        14.02613        24.78527        24.78527
  847           91.222        13.80982        77.41168        77.41168
  848           25.885        12.93108        12.95402        12.95402
  849           15.061        13.93825         1.12265         1.12265
  850           23.714        13.32313        10.39067        10.39067
  851           15.032        11.22767         3.80403         3.80403
  852           26.864        12.59310        14.27100        14.27100
  853           40.085        13.26230        26.82240        26.82240
  854           26.387        12.48495        13.90255        13.90255
  855           17.297        13.48536         3.81134         3.81134
  856           27.424        15.04006        12.38364        12.38364
  857             31.5        14.63449        16.86571        16.86571
  858           35.309        13.82334        21.48556        21.48556
  859           31.395        13.75575        17.63975        17.63975
  860           22.296        14.66829         7.62781         7.62781
  861           41.327        12.97840        28.34870        28.34870
  862           29.318        13.63407        15.68413        15.68413
  863           111.48        11.18711       100.29189       100.29189
  864           9.9809        12.07937        -2.09845        -2.09845
  865           12.334        12.51875        -0.18475        -0.18475
  866           33.561        13.31637        20.24503        20.24503
  867           45.658        11.99826        33.65964        33.65964
  868           19.242        11.95094         7.29096         7.29096
  869           24.018        12.85672        11.16118        11.16118
  870            16.36        12.18753         4.17247         4.17247
  871           5.9742        12.41059        -6.43636        -6.43636
  872           15.928        13.03923         2.88857         2.88857
  873            35.37        14.64125        20.72855        20.72855
  874           13.681        13.73547        -0.05487        -0.05487
  875           9.4549        13.66787        -4.21300        -4.21300
  876            15.06        13.70843         1.35137         1.35137
  877           17.256        13.37721         3.87889         3.87889
  878            33.74        12.32948        21.41062        21.41062
  879            24.15        11.80899        12.34131        12.34131
  880           37.729        11.64000        26.08890        26.08890
  881            21.86        12.80265         9.05775         9.05775
  882           68.908        11.36286        57.54474        57.54474
  883           21.779        12.37679         9.40201         9.40201
  884           22.294        13.09331         9.20119         9.20119
  885           34.168        11.68732        22.48038        22.48038
  886           38.121        12.62014        25.50096        25.50096
  887           13.307        12.47143         0.83527         0.83527
  888           45.367        11.36286        34.00404        34.00404
  889           13.178        12.93784         0.23966         0.23966
  890           26.027        11.34934        14.67816        14.67816
  891           20.177        12.44439         7.73291         7.73291
  892           22.222        12.15373        10.06857        10.06857
  893           16.469        12.29568         4.17342         4.17342
  894           20.035        13.66111         6.37439         6.37439
  895           9.2452        11.95094        -2.70573        -2.70573
  896           9.1491        11.75491        -2.60580        -2.60580
  897           13.532        11.51833         2.01367         2.01367
  898           15.385        11.36286         4.02224         4.02224
  899           19.057        13.68815         5.36865         5.36865
  900            12.12        11.53861         0.58109         0.58109
  901           8.9187        12.69449        -3.77576        -3.77576
  902            16.42        13.46508         2.95492         2.95492
  903           14.834        14.18160         0.65190         0.65190
  904           24.584        12.33624        12.24776        12.24776
  905           30.799        12.39031        18.40839        18.40839
  906           22.086        10.80182        11.28418        11.28418
  907           13.447        12.39031         1.05699         1.05699
  908           13.246        13.99909        -0.75289        -0.75289
  909           36.857        13.10683        23.74987        23.74987
  910           31.584        12.98516        18.59844        18.59844
  911           23.887        12.82293        11.06407        11.06407
  912           26.956        13.09331        13.86249        13.86249
  913             37.2        12.94460        24.25580        24.25580
  914           17.397        12.83644         4.56096         4.56096
  915           12.907        12.06585         0.84125         0.84125
  916           24.393        13.74899        10.64441        10.64441
  917           22.559        12.92432         9.63438         9.63438
  918           14.405        11.36286         3.04254         3.04254
  919           20.246        12.41735         7.82905         7.82905
  920           8.1337        11.58593        -3.45226        -3.45226
  921           8.9006        12.00502        -3.10445        -3.10445
  922           6.0565        11.33582        -5.27931        -5.27931
  923           6.7497        11.54537        -4.79568        -4.79568
  924           19.545        11.77519         7.77011         7.77011
  925           8.5179        12.14021        -3.62234        -3.62234
  926           13.701        12.32948         1.37172         1.37172
  927           22.721        11.07896        11.64194        11.64194
  928           21.249        11.86307         9.38633         9.38633
  929           12.813        13.53944        -0.72604        -0.72604
  930           10.548        11.78195        -1.23415        -1.23415
  931           27.391        13.66111        13.72979        13.72979
  932           22.427        12.10641        10.32049        10.32049
  933           15.559        12.30920         3.25000         3.25000
  934           19.994        11.22767         8.76643         8.76643
  935           19.419        12.99867         6.42073         6.42073
  936            26.11        12.19429        13.91581        13.91581
  937           22.001        12.64042         9.36018         9.36018
  938           15.773        12.86348         2.90972         2.90972
  939           17.163        12.44439         4.71831         4.71831
  940           19.463        12.14697         7.31573         7.31573
  941           14.418        13.16766         1.24984         1.24984
  942           28.729        12.03882        16.69048        16.69048
  943           22.521        13.33665         9.18485         9.18485
  944           24.752        11.57241        13.17949        13.17949
  945           11.813        12.64718        -0.83378        -0.83378
  946           19.242        12.29568         6.94602         6.94602
  947           38.111        11.99150        26.11990        26.11990
  948           69.057        12.03882        57.01778        57.01778
  949           30.694        12.18753        18.50647        18.50647
  950            26.29        10.87617        15.41403        15.41403
  951           11.417        12.07261        -0.65601        -0.65601
  952           23.805        10.91673        12.88877        12.88877
  953            39.48        11.34934        28.13096        28.13096
  954           41.185        12.80265        28.38255        28.38255
  955            27.82        11.82927        15.99023        15.99023
  956           27.281        13.20146        14.07954        14.07954
  957           18.194        11.41694         6.77716         6.77716
  958           21.428        13.17442         8.25398         8.25398
  959           16.149        10.89645         5.25235         5.25235
  960           13.452        12.37004         1.08196         1.08196
  961           17.254        10.84913         6.40517         6.40517
  962           25.179        11.44398        13.73512        13.73512
  963           29.919        12.59986        17.31924        17.31924
  964           21.179        13.74899         7.43041         7.43041
  965           30.738        12.68773        18.05047        18.05047
  966           36.001        12.14697        23.85423        23.85423
  967           22.456        14.24243         8.21337         8.21337
  968           33.302        14.31679        18.98551        18.98551
  969           38.364        14.84403        23.52007        23.52007
  970           32.286        14.51958        17.76642        17.76642
  971           9.0081        12.57282        -3.56470        -3.56470
  972           7.2678        12.89728        -5.62946        -5.62946
  973           8.7118        13.51240        -4.80060        -4.80060
  974           8.1374        13.94501        -5.80759        -5.80759
  975           7.7356        13.91797        -6.18236        -6.18236
  976           23.446        13.85038         9.59562         9.59562
  977           13.439        14.04641        -0.60721        -0.60721
  978           7.9124        13.30961        -5.39722        -5.39722
  979           2.5016        10.90517       -10.08195        -8.40358
  980           4.7695        12.99867        -8.22916        -8.22916
  981           3.3473        14.06669       -10.71935       -10.71935
  982           6.3918        13.22850        -6.83675        -6.83675
  983            13.03        15.12794        -2.09804        -2.09804
  984           19.628        15.25637         4.37133         4.37133
  985           13.603        15.42536        -1.82246        -1.82246
  986           20.188        15.64842         4.53978         4.53978
  987           15.425        15.16849         0.25681         0.25681
  988           13.925        14.93867        -1.01327        -1.01327
  989           9.8231        14.47226        -4.64915        -4.64915
  990           6.4052        13.89770        -7.49253        -7.49253
  991           16.096        13.78954         2.30606         2.30606
  992           11.626        13.83686        -2.21076        -2.21076
  993           20.878        13.85038         7.02802         7.02802
  994           16.361        13.48536         2.87604         2.87604
  995           11.003        13.63407        -2.63087        -2.63087
  996           12.949        12.49847         0.45033         0.45033
  997           9.8226        13.68815        -3.86553        -3.86553
  998           4.5448        13.14063        -8.59582        -8.59582
  999           8.2217        13.82334        -5.60163        -5.60163
 1000           23.283        15.56731         7.71539         7.71539
 1001           25.643        15.24961        10.39379        10.39379
 1002           16.059        15.53351         0.52569         0.52569
 1003           17.857        14.87783         2.97877         2.97877
 1004           14.613        15.41860        -0.80530        -0.80530
 1005           18.346        15.58759         2.75801         2.75801
 1006           18.649        15.29693         3.35177         3.35177
 1007              8.4        14.20864        -5.80865        -5.80865
 1008           19.065        15.74982         3.31528         3.31528
 1009           21.708        15.91205         5.79585         5.79585
 1010           14.754        15.66870        -0.91470        -0.91470
 1011           3.3945        14.18836       -10.79386       -10.79386
 1012           4.9005        14.35735        -9.45682        -9.45682
 1013           7.3667        14.12752        -6.76077        -6.76077
 1014           6.4913        14.55337        -8.06203        -8.06203
 1015           2.6987        14.37762       -11.67897       -11.67897
 1016           8.2508        13.93825        -5.68747        -5.68747
 1017           2.8796        14.10724       -11.22767       -11.22767
 1018             8.43        14.47902        -6.04903        -6.04903
 1019           5.3949        15.53351       -10.13856       -10.13856
 1020           14.358        15.74982        -1.39172        -1.39172
 1021           16.199        15.87149         0.32761         0.32761
 1022           18.717        15.74982         2.96728         2.96728
 1023            14.82        15.79037        -0.96987        -0.96987
 1024           18.692        15.92556         2.76684         2.76684
 1025           8.0201        15.68898        -7.66886        -7.66886
 1026           13.094        15.85121        -2.75681        -2.75681
 1027           9.4828        15.42536        -5.94254        -5.94254
 1028           13.649        14.74940        -1.09990        -1.09990
 1029           15.701        14.41818         1.28292         1.28292
 1030            16.58        14.53985         2.04035         2.04035
 1031           18.817        14.29651         4.52099         4.52099
 1032           12.212        14.56013        -2.34813        -2.34813
 1033           10.983        15.17525        -4.19255        -4.19255
 1034           15.902        14.81024         1.09126         1.09126
 1035           13.421        14.92515        -1.50365        -1.50365
 1036            17.25        14.39790         2.85250         2.85250
 1037           12.192        13.96529        -1.77289        -1.77289
 1038           18.454        14.28975         4.16475         4.16475
 1039           8.1343        14.11400        -5.97965        -5.97965
 1040           10.732        14.05317        -3.32067        -3.32067
 1041           17.251        14.83052         2.42068         2.42068
 1042           17.653        14.64801         3.00489         3.00489
 1043           20.183        14.19512         5.98818         5.98818
 1044           12.971        13.81658        -0.84528        -0.84528
 1045           11.075        15.31044        -4.23584        -4.23584
 1046           9.4127        15.18201        -5.76931        -5.76931
 1047           3.9878        14.91839       -10.93056       -10.93056
 1048           9.7065        14.51958        -4.81307        -4.81307
 1049           10.748        15.60111        -4.85301        -4.85301
 1050           15.825        15.56731         0.25749         0.25749
 1051           10.143        15.39156        -5.24836        -5.24836
 1052           21.649        15.60111         6.04759         6.04759
 1053           20.139        14.37087         5.76773         5.76773
 1054           17.371        13.87066         3.50054         3.50054
 1055           8.0859        13.52592        -5.44004        -5.44004
 1056           5.0037        13.86390        -8.86016        -8.86016
 1057           8.2951        11.95770        -3.66262        -3.66262
 1058           5.1156        11.68732        -6.57171        -6.57171
 1059           7.3782        11.61296        -4.23474        -4.23474
 1060            3.915        11.31554        -7.40050        -7.40050
 1061           3.5114        11.28175        -7.77030        -7.77030
 1062           6.7778        11.91714        -5.13934        -5.13934
 1063           7.3459        12.53902        -5.19316        -5.19316
 1064           2.3227        10.81534        -8.49261        -8.49261
 1065           8.3613        10.80858        -2.44723        -2.44723
 1066           1.9974        11.03164        -9.03428        -9.03428
 1067           5.7209        11.93066        -6.20973        -6.20973
 1068           8.4875        12.78237        -4.29492        -4.29492
 1069            7.087        12.45791        -5.37087        -5.37087
 1070           6.0918        11.47777        -5.38600        -5.38600
 1071           5.8428        12.36328        -6.52044        -6.52044
 1072           6.3144        11.64000        -5.32562        -5.32562
 1073           7.7862        11.74140        -3.95520        -3.95520
 1074           1.6277        11.88335       -10.25564       -10.25564
 1075           9.9809        12.06585        -2.08498        -2.08498
 1076           7.2587        12.40383        -5.14514        -5.14514
 1077           5.4347        11.48453        -6.04985        -6.04985
 1078           7.3638        12.09289        -4.72908        -4.72908
 1079           4.4875        12.09965        -7.61215        -7.61215
 1080           4.1149        11.89687        -7.78200        -7.78200
 1081           13.916        11.69408         2.22182         2.22182
 1082           13.558        11.80223         1.75587         1.75587
 1083           11.325        11.97798        -0.65338        -0.65338
 1084           7.1013        12.01854        -4.91724        -4.91724
 1085             4.09        12.87024        -8.78019        -8.78019
 1086           3.1465        12.43087        -9.28436        -9.28436
 1087           3.1872        12.99867        -9.81147        -9.81147
 1088           4.6984        13.08655        -8.38811        -8.38811
 1089           3.0891        14.14104       -11.05193       -11.05193
 1090           3.8844        10.01143        -8.42902        -6.12704
 1091           3.5199        13.49212        -9.97219        -9.97219
 1092           3.0483        12.43763        -9.38931        -9.38931
 1093           8.2481        12.15373        -3.90564        -3.90564
 1094           8.9166        11.90363        -2.98703        -2.98703
 1095            4.767        12.26864        -7.50165        -7.50165
 1096           2.6761        11.63324        -8.95717        -8.95717
 1097           9.5896        11.87659        -2.28699        -2.28699
 1098           6.7433        11.09924        -4.35595        -4.35595
 1099           12.757        11.88335         0.87355         0.87355
 1100            8.716        11.15331        -2.43728        -2.43728
 1101           2.3801        11.16007        -8.77996        -8.77996
 1102           2.7162        10.39624        -7.68001        -7.68001
 1103           3.5135        10.42328        -6.90981        -6.90981
 1104           3.2305        10.15290        -6.92237        -6.92237
 1105           3.8765        11.38314        -7.50666        -7.50666
 1106           2.7515        10.82210        -8.07065        -8.07065
 1107            2.881        10.78830        -7.90727        -7.90727
============================== END OF REPORT ================================

