>>03/12/2019 14:18:02
REGRESSION
----------
SUMMARY OF OUTPUT: SPATIAL LAG MODEL - MAXIMUM LIKELIHOOD ESTIMATION
Data set            : FinalShapeFile
Spatial Weight      : FinalShapeFile weights_LSOA11CD as ID 
Dependent Variable  :  LSOA2011 A  Number of Observations: 1107
Mean dependent var  :     13.0277  Number of Variables   :    3
S.D. dependent var  :     10.1781  Degrees of Freedom    : 1104
Lag coeff.   (Rho)  :   -0.261702

R-squared           :    0.015969  Log likelihood        :    -4130.42
Sq. Correlation     : -            Akaike info criterion :     8266.85
Sigma-square        :     101.939  Schwarz criterion     :     8281.88
S.E of regression   :     10.0965

-----------------------------------------------------------------------------
       Variable       Coefficient     Std.Error       z-value    Probability
-----------------------------------------------------------------------------
      W_LSOA2011 A     -0.261702       0.378581       -0.69127     0.48940
          CONSTANT       3.78137        2.22199         1.7018     0.08879
        Mean and_1   0.000252426    6.00821e-05        4.20136     0.00003
-----------------------------------------------------------------------------

REGRESSION DIAGNOSTICS
DIAGNOSTICS FOR HETEROSKEDASTICITY 
RANDOM COEFFICIENTS
TEST                                     DF      VALUE        PROB
Breusch-Pagan test                       1       344.6095     0.00000

DIAGNOSTICS FOR SPATIAL DEPENDENCE
SPATIAL LAG DEPENDENCE FOR WEIGHT MATRIX : FinalShapeFile weights_LSOA11CD as ID 
TEST                                     DF      VALUE        PROB
Likelihood Ratio Test                    1         0.1665     0.68326

  OBS      LSOA2011 A        PREDICTED        RESIDUAL       PRED ERROR
    1           4.6755        13.92639        -9.25091        -9.25091
    2           2.6159        13.50484       -10.88896       -10.88896
    3           2.8147        14.07785       -11.26313       -11.26313
    4           4.4925        14.18387        -9.69134        -9.69134
    5           4.9463        14.02231        -9.07604        -9.07604
    6           4.8039        13.70678        -8.90284        -8.90284
    7           3.3573        12.50271        -9.14546        -9.14546
    8           6.7797        14.01726        -7.23751        -7.23751
    9           14.242        12.46484         1.77686         1.77686
   10           6.4747        13.17921        -6.70453        -6.70453
   11           3.8218        13.38115        -9.55940        -9.55940
   12           9.6078        11.51824        -1.91041        -1.91041
   13           5.6252        14.68872        -9.06352        -9.06352
   14           3.6551        13.36096        -9.70584        -9.70584
   15           4.6898        13.82794        -9.13813        -9.13813
   16           8.0451        12.53047        -4.48534        -4.48534
   17           6.2742        12.75513        -6.48089        -6.48089
   18           6.9993        11.25572        -4.25646        -4.25646
   19          0.86423        13.56290       -12.69867       -12.69867
   20           4.5198        14.68872       -10.16891       -10.16891
   21           4.5078        13.81027        -9.30250        -9.30250
   22           3.4931        13.06309        -9.57001        -9.57001
   23           5.5796        12.14678        -6.56718        -6.56718
   24           7.3884        11.59145        -4.20300        -4.20300
   25           4.5241        13.68154        -9.15741        -9.15741
   26             7.74        12.88135        -5.14133        -5.14133
   27           12.947        12.99241        -0.04571        -0.04571
   28           8.0691        12.83843        -4.76929        -4.76929
   29           4.4812        11.58892        -7.10774        -7.10774
   30           11.731        11.43999         0.29111         0.29111
   31           4.1925        11.52329        -7.33080        -7.33080
   32           12.002        11.38698         0.61512         0.61512
   33           13.127        12.04077         1.08603         1.08603
   34           4.5724        11.87164        -7.29925        -7.29925
   35           13.636        16.73085        -3.09475        -3.09475
   36           18.281        14.91338         3.36742         3.36742
   37           5.4967        15.28697        -9.79025        -9.79025
   38           6.4013        16.45065       -10.04930       -10.04930
   39            7.163        17.09434        -9.93137        -9.93137
   40           13.519        15.92561        -2.40691        -2.40691
   41           14.277        14.81746        -0.54076        -0.54076
   42           10.941        15.71357        -4.77237        -4.77237
   43           9.0905        12.55067        -3.46022        -3.46022
   44           15.322        12.67688         2.64462         2.64462
   45           18.137        14.31513         3.82237         3.82237
   46            15.47        12.09882         3.37088         3.37088
   47           15.114        14.88813         0.22557         0.22557
   48           13.662        15.29707        -1.63467        -1.63467
   49           11.277        12.92678        -1.64968        -1.64968
   50           8.9393        12.51533        -3.57605        -3.57605
   51           4.1254        14.50697       -10.38161       -10.38161
   52           9.2043        13.83047        -4.62616        -4.62616
   53           7.2449        13.91629        -6.67138        -6.67138
   54           5.5574        13.70173        -8.14434        -8.14434
   55           11.049        13.89105        -2.84245        -2.84245
   56           7.9219        14.26464        -6.34277        -6.34277
   57           5.5598        12.57086        -7.01106        -7.01106
   58           6.5614        12.27047        -5.70908        -5.70908
   59           16.453        15.41066         1.04274         1.04274
   60           5.1773        14.84775        -9.67041        -9.67041
   61           3.9343        14.90328       -10.96896       -10.96896
   62           10.772        14.32522        -3.55292        -3.55292
   63           9.3492        15.96095        -6.61173        -6.61173
   64           20.672        14.26212         6.41018         6.41018
   65           3.3297        14.24950       -10.91980       -10.91980
   66           5.2686        13.85571        -8.58707        -8.58707
   67           9.0831        13.41649        -4.33335        -4.33335
   68           6.9311        14.77202        -7.84089        -7.84089
   69            9.836        13.58561        -3.74965        -3.74965
   70            9.254        13.72445        -4.47042        -4.47042
   71           6.4086        12.61630        -6.20774        -6.20774
   72           10.172        13.44930        -3.27730        -3.27730
   73           7.6276        12.25028        -4.62268        -4.62268
   74           16.779        12.78290         3.99620         3.99620
   75           9.0111        12.93688        -3.92576        -3.92576
   76           6.6471        13.03280        -6.38566        -6.38566
   77            6.107        11.95999        -5.85303        -5.85303
   78           28.017        11.60912        16.40738        16.40738
   79           23.638        11.43999        12.19781        12.19781
   80           17.764        12.19979         5.56381         5.56381
   81           9.8165        11.80601        -1.98949        -1.98949
   82           11.093        11.37688        -0.28418        -0.28418
   83           6.7759        12.65416        -5.87830        -5.87830
   84           9.8204        12.16445        -2.34406        -2.34406
   85           8.0195        12.03824        -4.01879        -4.01879
   86           15.619        12.72484         2.89386         2.89386
   87           21.108        13.09338         8.01462         8.01462
   88           22.003        15.10522         6.89778         6.89778
   89           7.9046        16.78133        -8.87671        -8.87671
   90            20.03        14.86289         5.16721         5.16721
   91           4.0874        12.79552        -8.70811        -8.70811
   92           10.104        13.00251        -2.89861        -2.89861
   93           5.0229        13.40134        -8.37844        -8.37844
   94           3.8394        13.72950        -9.89009        -9.89009
   95           2.2541        12.64154       -10.38747       -10.38747
   96           6.7017        12.43960        -5.73792        -5.73792
   97            4.891        12.11902        -7.22803        -7.22803
   98           7.2737        13.73202        -6.45836        -6.45836
   99           3.3386        11.61669        -8.27808        -8.27808
  100           2.7147        11.85649        -9.14177        -9.14177
  101           5.7759        11.50057        -5.72471        -5.72471
  102           3.8279        14.28736       -10.45947       -10.45947
  103           8.3261        15.24153        -6.91546        -6.91546
  104           6.8844        13.55532        -6.67096        -6.67096
  105           7.5943        13.79765        -6.20337        -6.20337
  106           4.2541        12.13164        -7.87757        -7.87757
  107           6.3456        12.22251        -5.87687        -5.87687
  108           14.755        15.18095        -0.42625        -0.42625
  109           18.691        14.89823         3.79257         3.79257
  110           17.133        14.75182         2.38078         2.38078
  111           13.397        13.55280        -0.15610        -0.15610
  112           9.6074        12.52290        -2.91550        -2.91550
  113           15.071        13.85824         1.21286         1.21286
  114           4.4953        12.49513        -7.99979        -7.99979
  115           4.8521        12.91921        -8.06712        -8.06712
  116           6.7984        11.92970        -5.13127        -5.13127
  117           18.995        11.21028         7.78502         7.78502
  118           8.6915        12.31086        -3.61940        -3.61940
  119           13.277        12.06096         1.21634         1.21634
  120           9.7613        12.03824        -2.27697        -2.27697
  121           8.8036        12.51785        -3.71423        -3.71423
  122           4.0287        13.32814        -9.29944        -9.29944
  123            4.961        14.32522        -9.36423        -9.36423
  124           3.2017        14.85280       -11.65114       -11.65114
  125           5.2192        14.08542        -8.86617        -8.86617
  126           5.1195        14.43124        -9.31173        -9.31173
  127           6.5007        13.12620        -6.62551        -6.62551
  128           4.6133        12.94698        -8.33367        -8.33367
  129           4.7607        12.97222        -8.21150        -8.21150
  130           4.7133        13.45183        -8.73853        -8.73853
  131           9.8141        12.48756        -2.67342        -2.67342
  132           8.8119        12.97979        -4.16790        -4.16790
  133           9.1105        11.88931        -2.77879        -2.77879
  134           5.7426        11.82873        -6.08612        -6.08612
  135           9.3519        11.70251        -2.35060        -2.35060
  136           4.5961        12.23008        -7.63400        -7.63400
  137           30.148        11.08407        19.06393        19.06393
  138           39.556        10.94019        28.61591        28.61591
  139           17.761        11.73533         6.02527         6.02527
  140           5.1851        11.71766        -6.53259        -6.53259
  141           13.685        12.06096         1.62364         1.62364
  142           12.109        11.80853         0.30077         0.30077
  143           8.7545        13.02270        -4.26822        -4.26822
  144           2.9455        11.64698        -8.70148        -8.70148
  145           6.8281        10.97553        -4.14745        -4.14745
  146           7.7443        12.55319        -4.80885        -4.80885
  147           17.984        11.25067         6.73373         6.73373
  148            12.13        11.74038         0.38922         0.38922
  149           10.406        13.25494        -2.84914        -2.84914
  150           9.3272        11.51572        -2.18854        -2.18854
  151           16.733        11.04873         5.68427         5.68427
  152           9.8676        12.31591        -2.44827        -2.44827
  153           17.727        12.06853         5.65827         5.65827
  154           13.601        11.45009         2.15041         2.15041
  155           15.433        16.11998        -0.68658        -0.68658
  156           17.547        16.13260         1.41490         1.41490
  157           12.553        14.78716        -2.23416        -2.23416
  158           19.853        12.88892         6.96388         6.96388
  159           31.576        12.21746        19.35864        19.35864
  160           9.4206        11.02601        -1.60544        -1.60544
  161           18.268        11.38193         6.88587         6.88587
  162           6.0486        13.43416        -7.38560        -7.38560
  163           4.3798        14.32018        -9.94034        -9.94034
  164           9.6685        13.62853        -3.96001        -3.96001
  165            11.42        14.77202        -3.35162        -3.35162
  166           11.694        13.14892        -1.45522        -1.45522
  167           43.348        12.98484        30.36356        30.36356
  168           4.7075        12.71979        -8.01226        -8.01226
  169           11.428        12.57338        -1.14488        -1.14488
  170           8.9258        12.41688        -3.49104        -3.49104
  171           4.1539        13.29028        -9.13635        -9.13635
  172           4.6098        13.00251        -8.39266        -8.39266
  173           12.374        11.41222         0.96228         0.96228
  174           9.1922        11.93979        -2.74755        -2.74755
  175           9.1387        11.44251        -2.30379        -2.30379
  176           5.3938        11.51572        -6.12195        -6.12195
  177           11.369        11.78329        -0.41449        -0.41449
  178           4.6563        13.23222        -8.57591        -8.57591
  179           6.1367        11.73280        -5.59608        -5.59608
  180           10.854        11.61669        -0.76219        -0.76219
  181           9.3271        11.92212        -2.59499        -2.59499
  182           7.1876        13.44426        -6.25667        -6.25667
  183           9.1589        12.08115        -2.92228        -2.92228
  184           9.5046        12.28309        -2.77844        -2.77844
  185           14.216        14.25707        -0.04087        -0.04087
  186           7.7923        14.85532        -7.06304        -7.06304
  187           11.722        14.01979        -2.29749        -2.29749
  188           9.5918        15.13804        -5.54622        -5.54622
  189           19.206        13.23474         5.97086         5.97086
  190           13.463        14.97648        -1.51328        -1.51328
  191           7.2961        11.39960        -4.10351        -4.10351
  192           13.075        11.65708         1.41752         1.41752
  193           7.1673        11.18252        -4.01527        -4.01527
  194           12.073        12.88892        -0.81612        -0.81612
  195           19.095        11.43494         7.66036         7.66036
  196           7.3139        11.81611        -4.50218        -4.50218
  197           16.739        12.76018         3.97922         3.97922
  198           13.757        11.68989         2.06741         2.06741
  199           27.821        12.91164        14.90936        14.90936
  200           13.934        11.69494         2.23946         2.23946
  201           15.248        11.64446         3.60324         3.60324
  202           8.9875        14.51959        -5.53214        -5.53214
  203           10.861        15.31978        -4.45908        -4.45908
  204           10.597        17.37201        -6.77501        -6.77501
  205            21.62        16.99337         4.62623         4.62623
  206           7.4307        14.33785        -6.90718        -6.90718
  207           9.9937        16.23357        -6.23988        -6.23988
  208           4.8231        12.59863        -7.77552        -7.77552
  209           4.8568        12.99746        -8.14070        -8.14070
  210           21.917        11.77572        10.14098        10.14098
  211           5.6505        15.70852       -10.05800       -10.05800
  212           21.906        15.91046         5.99524         5.99524
  213           9.0607        13.95416        -4.89347        -4.89347
  214           7.9934        15.05726        -7.06382        -7.06382
  215           7.4892        14.09804        -6.60880        -6.60880
  216           6.6539        16.84191       -10.18801       -10.18801
  217           13.628        15.71104        -2.08334        -2.08334
  218           13.954        14.78464        -0.83074        -0.83074
  219           10.347        15.56969        -5.22249        -5.22249
  220           15.466        16.01143        -0.54533        -0.54533
  221           16.778        16.96056        -0.18256        -0.18256
  222           13.071        16.19065        -3.11965        -3.11965
  223           18.922        13.95163         4.97067         4.97067
  224           8.4914        15.27182        -6.78042        -6.78042
  225           20.206        13.46697         6.73883         6.73883
  226           22.769        14.81241         7.95689         7.95689
  227           6.6911        14.75435        -8.06321        -8.06321
  228           7.7549        14.58017        -6.82527        -6.82527
  229           9.9781        13.41144        -3.43338        -3.43338
  230           6.5614        14.47668        -7.91523        -7.91523
  231           6.6148        15.05474        -8.43994        -8.43994
  232           6.9244        12.52038        -5.59600        -5.59600
  233           5.3262        14.26969        -8.94354        -8.94354
  234            8.058        11.58892        -3.53094        -3.53094
  235           17.544        11.77572         5.76868         5.76868
  236           9.3713        12.58348        -3.21215        -3.21215
  237           11.861        13.48212        -1.62142        -1.62142
  238             8.09        15.39299        -7.30296        -7.30296
  239           4.1573        11.73028        -7.57297        -7.57297
  240           20.143        14.49435         5.64845         5.64845
  241           36.899        13.99202        22.90668        22.90668
  242           13.318        14.26969        -0.95189        -0.95189
  243           7.7676        15.58736        -7.81972        -7.81972
  244           13.308        13.76231        -0.45391        -0.45391
  245           40.266        12.32348        27.94272        27.94272
  246           24.944        14.94367        10.00073        10.00073
  247           30.083        11.64193        18.44147        18.44147
  248           17.256        14.14853         3.10797         3.10797
  249           3.3281        12.81319        -9.48508        -9.48508
  250           5.1295        13.46950        -8.33996        -8.33996
  251           3.9821        13.24231        -9.26017        -9.26017
  252           3.9532        13.70173        -9.74852        -9.74852
  253           3.8174        13.07066        -9.25322        -9.25322
  254           10.171        12.34873        -2.17783        -2.17783
  255           4.6838        13.27008        -8.58630        -8.58630
  256           18.988        15.47629         3.51191         3.51191
  257            2.877        10.44795        -7.57092        -7.57092
  258           3.2038        11.23300        -8.02924        -8.02924
  259           4.1977        11.45009        -7.25238        -7.25238
  260           15.714        12.72484         2.98936         2.98936
  261           11.833        14.51707        -2.68397        -2.68397
  262           13.736        12.89901         0.83669         0.83669
  263           19.398        11.37688         8.02102         8.02102
  264           15.859        13.70426         2.15484         2.15484
  265           31.465        12.90659        18.55811        18.55811
  266           25.114        12.69203        12.42217        12.42217
  267           25.395        11.79844        13.59666        13.59666
  268           29.733        12.14174        17.59136        17.59136
  269           26.675        12.87377        13.80103        13.80103
  270           19.537        13.12620         6.41030         6.41030
  271           12.348        11.65960         0.68870         0.68870
  272           20.289        13.36096         6.92774         6.92774
  273           20.115        14.13086         5.98454         5.98454
  274            24.86        12.18465        12.67565        12.67565
  275           12.958        13.19183        -0.23423        -0.23423
  276            2.671        11.40717        -8.73613        -8.73613
  277           5.0382        11.01087        -5.97271        -5.97271
  278           3.5312        11.00329        -7.47209        -7.47209
  279           5.5455        13.77998        -8.23450        -8.23450
  280           6.6047        11.20523        -4.60052        -4.60052
  281           7.5668        12.90911        -5.34227        -5.34227
  282           21.031        13.47960         7.55110         7.55110
  283           13.607        13.76231        -0.15541        -0.15541
  284            22.96        14.14600         8.81450         8.81450
  285           18.869        13.80775         5.06105         5.06105
  286           15.503        13.47960         2.02330         2.02330
  287             16.1        11.68484         4.41516         4.41516
  288           11.538        11.79086        -0.25266        -0.25266
  289           4.3983        13.27261        -8.87429        -8.87429
  290           6.3996        12.41940        -6.01977        -6.01977
  291           12.835        14.03241        -1.19791        -1.19791
  292           6.2451        12.03067        -5.78555        -5.78555
  293           8.1066        12.18970        -4.08313        -4.08313
  294           8.4743        11.96504        -3.49072        -3.49072
  295           5.6086        10.53126        -4.92267        -4.92267
  296           4.5229        13.16911        -8.64626        -8.64626
  297           7.6433        11.00834        -3.36508        -3.36508
  298           16.584        11.36174         5.22246         5.22246
  299           17.451        11.79086         5.65994         5.65994
  300            8.799        12.39669        -3.59769        -3.59769
  301           6.3156        12.52290        -6.20731        -6.20731
  302           12.034        12.42445        -0.39035        -0.39035
  303           7.0135        12.42950        -5.41602        -5.41602
  304           10.366        12.39921        -2.03311        -2.03311
  305           10.718        12.59610        -1.87790        -1.87790
  306           11.614        12.45727        -0.84357        -0.84357
  307           34.632        12.53047        22.10193        22.10193
  308           12.925        15.09260        -2.16800        -2.16800
  309           4.7633        15.75396       -10.99062       -10.99062
  310           4.8477        15.30464       -10.45693       -10.45693
  311           4.8733        15.72367       -10.85033       -10.85033
  312           8.6718        13.97435        -5.30256        -5.30256
  313           6.3709        15.26173        -8.89082        -8.89082
  314           10.545        15.04211        -4.49711        -4.49711
  315           3.2611        15.64541       -12.38436       -12.38436
  316            4.027        15.67066       -11.64366       -11.64366
  317           7.7924        16.21590        -8.42345        -8.42345
  318           6.1719        14.89318        -8.72127        -8.72127
  319           9.7145        15.31726        -5.60276        -5.60276
  320           8.4277        15.33241        -6.90472        -6.90472
  321           10.911        13.71688        -2.80588        -2.80588
  322           18.144        15.51163         2.63227         2.63227
  323           18.159        15.10270         3.05580         3.05580
  324           16.896        14.81746         2.07814         2.07814
  325            3.484        16.30930       -12.82526       -12.82526
  326           13.846        15.99629        -2.15039        -2.15039
  327             5.63        15.48386        -9.85381        -9.85381
  328           6.3488        12.02057        -5.67176        -5.67176
  329           9.2876        12.65416        -3.36657        -3.36657
  330           4.8111        12.32096        -7.50990        -7.50990
  331           6.3524        12.72989        -6.37752        -6.37752
  332           7.2866        12.32601        -5.03937        -5.03937
  333           9.0884        12.31086        -3.22245        -3.22245
  334           15.036        12.33106         2.70454         2.70454
  335           10.694        11.19261        -0.49901        -0.49901
  336           12.171        11.28096         0.89024         0.89024
  337           24.439        11.67980        12.75900        12.75900
  338           19.552        11.68989         7.86171         7.86171
  339           22.349        12.54562         9.80388         9.80388
  340           18.588        12.66426         5.92344         5.92344
  341           17.624        11.51319         6.11041         6.11041
  342           10.524        11.75300        -1.22950        -1.22950
  343           6.8365        12.57843        -5.74191        -5.74191
  344           6.1177        13.56290        -7.44524        -7.44524
  345           6.0422        12.47241        -6.43023        -6.43023
  346           5.8453        13.06814        -7.22282        -7.22282
  347           7.4411        13.30037        -5.85927        -5.85927
  348           6.8892        13.52756        -6.63839        -6.63839
  349           7.8529        13.04290        -5.19001        -5.19001
  350           2.6057        12.66678       -10.06112       -10.06112
  351           4.1469        12.25028        -8.10339        -8.10339
  352           4.5165        13.60328        -9.08680        -9.08680
  353           5.2456        15.00173        -9.75609        -9.75609
  354           6.1275        14.38581        -8.25828        -8.25828
  355           12.489        14.25707        -1.76767        -1.76767
  356           3.7173        13.16911        -9.45185        -9.45185
  357           2.9095        12.94950       -10.04000       -10.04000
  358           4.8265        13.46950        -8.64300        -8.64300
  359           6.9007        13.55280        -6.65211        -6.65211
  360           8.0844        14.22173        -6.13733        -6.13733
  361           4.5202        14.13338        -9.61323        -9.61323
  362           3.5534        13.71688       -10.16345       -10.16345
  363           7.0128        13.71688        -6.70408        -6.70408
  364           12.969        13.44678        -0.47778        -0.47778
  365           16.091        12.82834         3.26256         3.26256
  366           23.609        11.94989        11.65931        11.65931
  367           8.7111        13.41901        -4.70787        -4.70787
  368           15.632        12.87125         2.76065         2.76065
  369            13.33        13.39882        -0.06882        -0.06882
  370           9.7848        13.14892        -3.36417        -3.36417
  371           9.5278        13.34833        -3.82051        -3.82051
  372           19.503        13.38620         6.11650         6.11650
  373           8.7229        13.48464        -4.76176        -4.76176
  374           17.736        12.50523         5.23107         5.23107
  375            19.73        13.43163         6.29817         6.29817
  376           20.076        12.79804         7.27806         7.27806
  377           24.773        12.95960        11.81380        11.81380
  378           3.0852        14.09804       -11.01286       -11.01286
  379            6.178        13.55027        -7.37231        -7.37231
  380           8.1774        14.39338        -6.21595        -6.21595
  381           2.8279        14.00464       -11.17675       -11.17675
  382           8.7665        14.16367        -5.39718        -5.39718
  383           5.8766        12.27047        -6.39382        -6.39382
  384           6.1109        13.97183        -7.86096        -7.86096
  385           5.8403        12.26290        -6.42257        -6.42257
  386            3.257        12.52795        -9.27095        -9.27095
  387           4.4253        13.97940        -9.55408        -9.55408
  388           3.7575        14.76949       -11.01196       -11.01196
  389           6.7736        13.60076        -6.82716        -6.82716
  390           4.8808        12.36387        -7.48307        -7.48307
  391           3.6348        12.02562        -8.39085        -8.39085
  392           10.313        13.02018        -2.70718        -2.70718
  393           18.788        12.64406         6.14434         6.14434
  394           15.195        12.33106         2.86394         2.86394
  395           14.757        12.35125         2.40605         2.40605
  396           1.0872        13.30542       -12.21826       -12.21826
  397           14.321        12.90659         1.41401         1.41401
  398           28.861        13.05299        15.80831        15.80831
  399           4.3638        11.55358        -7.18980        -7.18980
  400           2.5909        11.40717        -8.81626        -8.81626
  401           5.8922        12.10892        -6.21667        -6.21667
  402            6.751        12.57591        -5.82492        -5.82492
  403           3.6788        11.83125        -8.15245        -8.15245
  404           5.8679        11.99785        -6.12997        -6.12997
  405           5.1741        11.84892        -6.67484        -6.67484
  406            19.42        12.58096         6.83914         6.83914
  407           27.692        12.73241        14.95949        14.95949
  408           9.3431        11.21281        -1.86967        -1.86967
  409           13.096        13.22969        -0.13409        -0.13409
  410           22.062        12.94193         9.12047         9.12047
  411            11.52        12.00290        -0.48320        -0.48320
  412           32.454        13.16659        19.28741        19.28741
  413            19.37        13.92387         5.44633         5.44633
  414           5.4172        12.13921        -6.72197        -6.72197
  415           7.9471        12.87377        -4.92667        -4.92667
  416           4.4987        13.03785        -8.53917        -8.53917
  417           3.9269        13.14134        -9.21440        -9.21440
  418           7.4391        12.73241        -5.29331        -5.29331
  419           7.8256        12.80309        -4.97746        -4.97746
  420           7.7111        12.91921        -5.20811        -5.20811
  421            20.79        11.51067         9.27903         9.27903
  422           11.178        12.32853        -1.15103        -1.15103
  423           4.3118        12.38911        -8.07735        -8.07735
  424           13.078        11.65708         1.42132         1.42132
  425           8.5424        11.87669        -3.33429        -3.33429
  426           9.5604        12.26795        -2.70751        -2.70751
  427           8.4169        12.35125        -3.93434        -3.93434
  428           4.9731        12.29067        -7.31758        -7.31758
  429            4.587        11.41727        -6.83024        -6.83024
  430           5.3413        12.03824        -6.69691        -6.69691
  431           15.168        12.34873         2.81957         2.81957
  432            9.693        12.45979        -2.76676        -2.76676
  433           3.7311        11.81611        -8.08498        -8.08498
  434           11.719        11.93727        -0.21857        -0.21857
  435           17.981        13.69416         4.28694         4.28694
  436           22.096        13.15649         8.93981         8.93981
  437           23.298        13.74717         9.55103         9.55103
  438           20.655        13.47960         7.17560         7.17560
  439           25.913        13.41396        12.49944        12.49944
  440             22.3        14.00717         8.29333         8.29333
  441           14.769        14.21416         0.55494         0.55494
  442           31.532        12.67940        18.85290        18.85290
  443           17.667        11.91960         5.74780         5.74780
  444           16.658        12.72736         3.93054         3.93054
  445           12.591        12.69960        -0.10810        -0.10810
  446           16.185        13.22464         2.96076         2.96076
  447           4.2772        12.68445        -8.40726        -8.40726
  448           4.7271        11.58387        -6.85679        -6.85679
  449           2.7654        13.22464       -10.45922       -10.45922
  450           3.8228        13.13125        -9.30845        -9.30845
  451           8.9818        12.41436        -3.43255        -3.43255
  452           3.3481        12.72232        -9.37424        -9.37424
  453           7.4855        12.35882        -4.87331        -4.87331
  454           8.8133        12.38659        -3.57334        -3.57334
  455            2.382        11.75805        -9.37606        -9.37606
  456           8.1019        12.98736        -4.88551        -4.88551
  457           9.8802        12.62135        -2.74111        -2.74111
  458           5.3398        11.58892        -6.24909        -6.24909
  459           11.849        12.73999        -0.89129        -0.89129
  460           14.399        12.80814         1.59136         1.59136
  461           12.752        12.91164        -0.15964        -0.15964
  462           6.2709        13.45688        -7.18602        -7.18602
  463            10.48        11.60154        -1.12124        -1.12124
  464             14.7        13.77998         0.92052         0.92052
  465           10.385        14.56250        -4.17770        -4.17770
  466            14.88        12.31086         2.56964         2.56964
  467           4.4902        14.12833        -9.63816        -9.63816
  468           7.5752        11.55106        -3.97587        -3.97587
  469           11.076        12.26542        -1.18952        -1.18952
  470           9.5126        12.12154        -2.60892        -2.60892
  471           1.5081        10.52621        -9.01815        -9.01815
  472           15.782        10.94019         4.84141         4.84141
  473           40.534        12.90911        27.62519        27.62519
  474           6.7869        12.25028        -5.46335        -5.46335
  475           26.333        12.43203        13.90137        13.90137
  476           12.457        12.46232        -0.00542        -0.00542
  477            7.033        12.48504        -5.45200        -5.45200
  478           14.171        12.94950         1.22120         1.22120
  479           7.3906        11.89183        -4.50124        -4.50124
  480           31.917        12.77028        19.14642        19.14642
  481           16.231        12.49008         3.74132         3.74132
  482           13.145        12.36135         0.78355         0.78355
  483             7.46        12.25280        -4.79279        -4.79279
  484           8.2028        12.34115        -4.13834        -4.13834
  485           4.5869        12.55319        -7.96633        -7.96633
  486            6.753        12.59358        -5.84056        -5.84056
  487           4.8654        11.99533        -7.12994        -7.12994
  488           6.3986        12.66426        -6.26567        -6.26567
  489           7.0149        12.60872        -5.59381        -5.59381
  490           7.4355        12.49766        -5.06215        -5.06215
  491           5.7512        12.51028        -6.75907        -6.75907
  492           3.8584        12.26795        -8.40951        -8.40951
  493           3.0149        11.97261        -8.95772        -8.95772
  494           2.5171        12.91164       -10.39454       -10.39454
  495            4.821        12.01300        -7.19199        -7.19199
  496           4.0769        13.57047        -9.49354        -9.49354
  497           6.6856        13.11358        -6.42798        -6.42798
  498           4.7284        12.30581        -7.57743        -7.57743
  499           7.4282        12.27552        -4.84730        -4.84730
  500           5.8299        11.82368        -5.99375        -5.99375
  501           3.4836        13.81027       -10.32664       -10.32664
  502           5.8107        14.05765        -8.24694        -8.24694
  503           16.953        14.48930         2.46360         2.46360
  504           8.9103        14.65338        -5.74309        -5.74309
  505           9.0879        14.31765        -5.22971        -5.22971
  506           8.5049        14.00212        -5.49717        -5.49717
  507           3.4708        11.75805        -8.28725        -8.28725
  508            3.681        12.36387        -8.68285        -8.68285
  509           5.2242        12.34368        -7.11945        -7.11945
  510             9.07        12.52542        -3.45544        -3.45544
  511           5.9227        12.09377        -6.17110        -6.17110
  512           7.4865        12.04834        -4.56180        -4.56180
  513           6.9095        12.14931        -5.23984        -5.23984
  514           5.8748        12.15688        -6.28212        -6.28212
  515           5.8879        12.09125        -6.20334        -6.20334
  516           4.9585        12.37649        -7.41799        -7.41799
  517           4.9428        12.41688        -7.47403        -7.47403
  518           7.3862        12.27552        -4.88933        -4.88933
  519           14.571        12.50775         2.06285         2.06285
  520           11.056        12.37144        -1.31514        -1.31514
  521            9.591        12.74251        -3.15147        -3.15147
  522           4.9151        12.52542        -7.61031        -7.61031
  523           8.7013        12.39416        -3.69290        -3.69290
  524           5.7834        12.54562        -6.76226        -6.76226
  525           4.3092        13.29785        -8.98862        -8.98862
  526           5.2047        14.27726        -9.07258        -9.07258
  527           5.3149        13.07824        -7.76331        -7.76331
  528           9.7142        13.36096        -3.64675        -3.64675
  529           14.538        13.70930         0.82840         0.82840
  530           5.9746        13.30795        -7.33331        -7.33331
  531           2.2615        13.04795       -10.78641       -10.78641
  532          0.79461        12.69960       -11.90499       -11.90499
  533            2.627        12.29067        -9.66371        -9.66371
  534           1.5723        12.89901       -11.32672       -11.32672
  535           5.5635        12.97727        -7.41381        -7.41381
  536           3.1784        11.84135        -8.66300        -8.66300
  537           17.973        12.29067         5.68253         5.68253
  538           11.742        12.39921        -0.65671        -0.65671
  539           12.302        12.25533         0.04657         0.04657
  540           12.527        13.19183        -0.66513        -0.66513
  541           7.6975        13.65882        -5.96130        -5.96130
  542           9.0668        12.91416        -3.84733        -3.84733
  543           5.3028        12.73241        -7.42961        -7.42961
  544           10.482        12.27805        -1.79635        -1.79635
  545           14.649        13.55785         1.09115         1.09115
  546           17.338        12.06853         5.26917         5.26917
  547           12.866        12.35377         0.51253         0.51253
  548           14.486        11.79844         2.68766         2.68766
  549           24.755        13.67144        11.08386        11.08386
  550            8.614        12.03824        -3.42426        -3.42426
  551           10.298        12.33106        -2.03296        -2.03296
  552           10.176        12.06096        -1.88536        -1.88536
  553           12.387        12.13164         0.25506         0.25506
  554           13.386        11.84387         1.54253         1.54253
  555           10.324        12.04581        -1.72161        -1.72161
  556           4.2796        11.88426        -7.60462        -7.60462
  557           12.832        11.40717         1.42463         1.42463
  558           5.5085        11.24562        -5.73709        -5.73709
  559            3.569        11.79591        -8.22689        -8.22689
  560           9.4161        11.97009        -2.55397        -2.55397
  561           1.1773        11.77319       -10.59593       -10.59593
  562           8.3893        11.86154        -3.47221        -3.47221
  563           4.4175        11.87921        -7.46172        -7.46172
  564           5.2486        11.87416        -6.62555        -6.62555
  565            7.221        13.20193        -5.98098        -5.98098
  566           13.662        11.79591         1.86619         1.86619
  567           12.698        12.11397         0.58373         0.58373
  568           14.658        12.12407         2.53373         2.53373
  569           10.801        11.81106        -1.01016        -1.01016
  570           10.373        12.21242        -1.83982        -1.83982
  571           13.101        12.24775         0.85305         0.85305
  572            17.74        11.44504         6.29516         6.29516
  573           2.2466        12.21242        -9.96584        -9.96584
  574           7.8228        13.07319        -5.25040        -5.25040
  575           5.3525        12.84853        -7.49606        -7.49606
  576          0.89155        13.41144       -12.51989       -12.51989
  577            6.081        13.47707        -7.39603        -7.39603
  578           5.4165        12.91416        -7.49770        -7.49770
  579            5.963        13.41396        -7.45098        -7.45098
  580           6.9491        13.59824        -6.64910        -6.64910
  581           11.253        13.53261        -2.27961        -2.27961
  582           13.348        13.23727         0.11023         0.11023
  583           12.775        13.84561        -1.07101        -1.07101
  584           5.1164        14.42115        -9.30473        -9.30473
  585           3.4386        14.31260       -10.87397       -10.87397
  586            6.182        13.23727        -7.05527        -7.05527
  587           10.809        14.08289        -3.27439        -3.27439
  588           7.6987        14.26212        -6.56342        -6.56342
  589           13.671        13.39125         0.28005         0.28005
  590           9.1383        13.87590        -4.73756        -4.73756
  591           11.136        14.35552        -3.21912        -3.21912
  592           3.1146        12.86620        -9.75157        -9.75157
  593           2.7393        13.55785       -10.81851       -10.81851
  594           8.5563        12.99494        -4.43866        -4.43866
  595           2.6996        13.87590       -11.17627       -11.17627
  596           2.5003        14.40095       -11.90065       -11.90065
  597           10.565        13.28018        -2.71488        -2.71488
  598            14.38        12.53047         1.84983         1.84983
  599           5.4883        12.73241        -7.24406        -7.24406
  600           1.5368        13.38872       -11.85197       -11.85197
  601           3.6243        13.43921        -9.81492        -9.81492
  602           4.4733        12.80562        -8.33235        -8.33235
  603           11.503        13.97435        -2.47125        -2.47125
  604           10.177        14.44386        -4.26736        -4.26736
  605            5.019        14.17124        -9.15223        -9.15223
  606           3.1956        14.75435       -11.55871       -11.55871
  607           3.1189        14.30755       -11.18866       -11.18866
  608           2.5531        14.21163       -11.65849       -11.65849
  609           4.1642        13.34581        -9.18160        -9.18160
  610           2.9415        14.36309       -11.42154       -11.42154
  611           3.9417        11.51824        -7.57658        -7.57658
  612           3.7184        11.79591        -8.07748        -8.07748
  613           5.9654        11.49048        -5.52504        -5.52504
  614           10.441        11.77824        -1.33704        -1.33704
  615           8.5236        11.76057        -3.23696        -3.23696
  616           29.503        11.26834        18.23426        18.23426
  617           12.486        13.25998        -0.77368        -0.77368
  618           2.0605        13.30795       -11.24747       -11.24747
  619           17.252        13.80523         3.44667         3.44667
  620           5.2193        14.34794        -9.12863        -9.12863
  621           11.076        13.67396        -2.59756        -2.59756
  622           10.636        12.92426        -2.28776        -2.28776
  623           12.775        13.48212        -0.70692        -0.70692
  624           10.852        13.91882        -3.06632        -3.06632
  625           5.6394        13.72950        -8.09010        -8.09010
  626           5.7749        13.52251        -7.74761        -7.74761
  627           8.8108        13.07824        -4.26747        -4.26747
  628           14.165        13.15649         1.00881         1.00881
  629           7.6979        12.95202        -5.25412        -5.25412
  630           1.6723        14.13590       -12.46363       -12.46363
  631           10.833        12.78290        -1.94980        -1.94980
  632           10.451        13.21707        -2.76587        -2.76587
  633           3.8223        12.79804        -8.97574        -8.97574
  634           3.2651        13.23727        -9.97219        -9.97219
  635            2.568        12.09377        -9.52574        -9.52574
  636           3.2221        13.33319       -10.11107       -10.11107
  637           3.5944        13.10348        -9.50907        -9.50907
  638           7.5621        13.04795        -5.48584        -5.48584
  639            3.417        11.95242        -8.53539        -8.53539
  640           10.812        12.74756        -1.93586        -1.93586
  641           13.183        12.30581         0.87729         0.87729
  642           11.374        12.44465        -1.07065        -1.07065
  643           7.2221        12.69960        -5.47754        -5.47754
  644           12.676        12.56581         0.10979         0.10979
  645             9.41        12.70970        -3.29973        -3.29973
  646           4.5279        11.55358        -7.02568        -7.02568
  647           9.1972        12.69455        -3.49738        -3.49738
  648            4.716        11.77572        -7.05968        -7.05968
  649           4.8904        11.76057        -6.87021        -6.87021
  650           4.5058        12.90406        -8.39824        -8.39824
  651           5.8686        12.20989        -6.34133        -6.34133
  652           1.2993        11.59649       -10.29721       -10.29721
  653           4.5183        11.79339        -7.27511        -7.27511
  654           25.695        11.77067        13.92393        13.92393
  655           14.629        10.72562         3.90328         3.90328
  656           6.6337        11.23805        -4.60440        -4.60440
  657           5.1061        11.20776        -6.10166        -6.10166
  658           2.8888        11.05630        -8.16752        -8.16752
  659           6.6151        11.44251        -4.82736        -4.82736
  660           11.564        11.68989        -0.12549        -0.12549
  661           5.1731        10.72562        -5.55251        -5.55251
  662           11.922        11.76562         0.15598         0.15598
  663           4.9862        13.48969        -8.50351        -8.50351
  664           5.9321        13.14134        -7.20920        -7.20920
  665           4.7096        12.93435        -8.22473        -8.22473
  666           4.8637        13.01261        -8.14887        -8.14887
  667           7.3452        12.72736        -5.38213        -5.38213
  668           9.4361        12.81571        -3.37963        -3.37963
  669           5.9263        12.33863        -6.41237        -6.41237
  670           3.2311        17.21803       -13.98692       -13.98692
  671           6.6619        16.79648       -10.13463       -10.13463
  672           10.933        15.28697        -4.35437        -4.35437
  673           4.7592        12.86368        -8.10446        -8.10446
  674           10.358        13.37105        -3.01345        -3.01345
  675           11.479        12.80562        -1.32672        -1.32672
  676           7.7764        12.79552        -5.01913        -5.01913
  677            10.07        13.07824        -3.00854        -3.00854
  678           6.8104        12.98736        -6.17694        -6.17694
  679           8.0251        12.54562        -4.52055        -4.52055
  680            6.232        12.50523        -6.27323        -6.27323
  681           7.2691        15.20619        -7.93706        -7.93706
  682           5.0454        13.68659        -8.64114        -8.64114
  683           3.2343        11.79591        -8.56158        -8.56158
  684            3.649        14.47416       -10.82513       -10.82513
  685           2.3017        14.00969       -11.70802       -11.70802
  686           7.1302        14.45396        -7.32374        -7.32374
  687           9.5274        14.89823        -5.37082        -5.37082
  688           7.7392        12.45222        -4.71300        -4.71300
  689           10.843        12.21494        -1.37184        -1.37184
  690           9.0598        12.27300        -3.21321        -3.21321
  691            12.82        12.18717         0.63333         0.63333
  692           5.4316        13.14892        -7.71731        -7.71731
  693           7.4961        12.55067        -5.05453        -5.05453
  694           4.9297        12.86872        -7.93903        -7.93903
  695           10.761        13.37610        -2.61470        -2.61470
  696           21.473        13.13377         8.33923         8.33923
  697           19.546        12.43455         7.11115         7.11115
  698           31.033        12.09125        18.94175        18.94175
  699           6.9153        12.75766        -5.84241        -5.84241
  700           10.184        12.43203        -2.24823        -2.24823
  701           4.3111        13.70173        -9.39066        -9.39066
  702           8.0269        13.08581        -5.05895        -5.05895
  703           18.528        12.43960         6.08870         6.08870
  704          0.79217        14.70891       -13.91675       -13.91675
  705           4.3121        15.77668       -11.46456       -11.46456
  706           3.6226        13.23222        -9.60965        -9.60965
  707           4.3191        15.34503       -11.02591       -11.02591
  708            4.093        16.18056       -12.08751       -12.08751
  709           9.2572        15.47124        -6.21405        -6.21405
  710           9.2659        12.46484        -3.19897        -3.19897
  711           9.0732        12.11902        -3.04582        -3.04582
  712           20.396        12.79300         7.60350         7.60350
  713           3.9376        12.97222        -9.03465        -9.03465
  714           10.717        11.40465        -0.68735        -0.68735
  715            3.825        13.41649        -9.59153        -9.59153
  716           85.889        15.85745        70.03185        70.03185
  717           19.905        11.23805         8.66745         8.66745
  718           28.999        12.62135        16.37775        16.37775
  719           22.053        11.37688        10.67642        10.67642
  720           25.559        13.51494        12.04416        12.04416
  721           27.384        14.74678        12.63742        12.63742
  722            20.73        13.79260         6.93780         6.93780
  723           19.171        13.07066         6.10024         6.10024
  724           17.396        12.36387         5.03173         5.03173
  725           30.451        14.56250        15.88860        15.88860
  726           30.379        13.57552        16.80368        16.80368
  727           24.948        13.83552        11.11218        11.11218
  728           17.667        11.70251         5.96489         5.96489
  729           18.307        12.49766         5.80964         5.80964
  730           17.669        12.99999         4.66931         4.66931
  731           11.001        11.91708        -0.91568        -0.91568
  732           20.687        11.65708         9.03002         9.03002
  733           25.675        12.90154        12.77366        12.77366
  734            13.08        12.18212         0.89798         0.89798
  735           12.344        14.52969        -2.18529        -2.18529
  736            14.52        14.71396        -0.19446        -0.19446
  737           12.546        12.28562         0.26078         0.26078
  738           11.286        11.98271        -0.69721        -0.69721
  739           7.1474        13.49979        -6.35243        -6.35243
  740           19.051        14.94619         4.10451         4.10451
  741           22.484        11.26834        11.21606        11.21606
  742           27.089        13.90367        13.18503        13.18503
  743           17.015        12.54309         4.47211         4.47211
  744           7.2114        13.83552        -6.62408        -6.62408
  745           19.827        13.07571         6.75099         6.75099
  746           11.982        14.54736        -2.56506        -2.56506
  747           15.399        14.03998         1.35852         1.35852
  748           11.178        11.94484        -0.76644        -0.76644
  749           14.646        12.77280         1.87310         1.87310
  750           10.511        12.37902        -1.86752        -1.86752
  751           15.399        11.07397         4.32513         4.32513
  752           19.671        12.27047         7.40053         7.40053
  753           11.224        11.53086        -0.30656        -0.30656
  754           8.7361        11.62679        -2.89072        -2.89072
  755           12.173        12.04329         0.12991         0.12991
  756           24.542        11.32640        13.21600        13.21600
  757           7.9103        13.20193        -5.29159        -5.29159
  758           59.165        13.22212        45.94318        45.94318
  759            25.25        13.30290        11.94740        11.94740
  760           40.515        13.02270        27.49230        27.49230
  761           23.017        12.35377        10.66323        10.66323
  762           23.705        12.42698        11.27842        11.27842
  763            22.14        11.58387        10.55563        10.55563
  764           19.485        11.87669         7.60811         7.60811
  765           6.7222        12.97474        -6.25257        -6.25257
  766            18.25        12.08620         6.16390         6.16390
  767           29.893        13.36096        16.53244        16.53244
  768           33.554        12.20232        21.35208        21.35208
  769           32.206        12.04329        20.16241        20.16241
  770           26.553        14.01474        12.53786        12.53786
  771            19.28        13.39377         5.88623         5.88623
  772           21.444        14.01979         7.42461         7.42461
  773           34.526        13.38115        21.14445        21.14445
  774           21.085        12.33358         8.75132         8.75132
  775           28.123        11.75552        16.36748        16.36748
  776           38.958        11.44504        27.51266        27.51266
  777           25.675        12.19475        13.47985        13.47985
  778           35.635        13.83047        21.80443        21.80443
  779           40.541        11.77572        28.76478        28.76478
  780           32.352        13.79513        18.55637        18.55637
  781           38.785        12.42698        26.35772        26.35772
  782           6.9833        11.84892        -4.86565        -4.86565
  783           5.9221        12.80309        -6.88097        -6.88097
  784           8.3093        12.67940        -4.37009        -4.37009
  785           20.792        15.06483         5.72757         5.72757
  786           10.404        12.29824        -1.89444        -1.89444
  787           17.148        15.14813         1.99987         1.99987
  788           29.335        13.70173        15.63367        15.63367
  789           27.552        13.50484        14.04706        14.04706
  790           29.303        12.90659        16.39621        16.39621
  791           32.042        16.13007        15.91163        15.91163
  792           6.2847        12.99746        -6.71281        -6.71281
  793           7.2508        15.58483        -8.33401        -8.33401
  794           25.726        11.81863        13.90737        13.90737
  795           21.991        11.43999        10.55101        10.55101
  796             18.5        12.76775         5.73235         5.73235
  797           17.754        12.62639         5.12721         5.12721
  798           16.991        11.83882         5.15208         5.15208
  799           8.6288        11.84135        -3.21255        -3.21255
  800           8.7005        11.77319        -3.07267        -3.07267
  801           10.259        12.60368        -2.34418        -2.34418
  802           13.895        11.13960         2.75540         2.75540
  803           8.3766        11.57378        -3.19715        -3.19715
  804           23.524        12.67436        10.84974        10.84974
  805           20.174        16.27396         3.89954         3.89954
  806            18.48        15.98871         2.49149         2.49149
  807           31.996        13.72697        18.26883        18.26883
  808           21.783        12.60872         9.17468         9.17468
  809           28.593        11.36679        17.22621        17.22621
  810           16.973        12.16445         4.80865         4.80865
  811           19.864        12.07106         7.79264         7.79264
  812           23.074        11.49805        11.57635        11.57635
  813           22.372        13.57804         8.79346         8.79346
  814           21.328        13.46950         7.85880         7.85880
  815           24.213        12.10892        12.10438        12.10438
  816           31.724        12.17960        19.54480        19.54480
  817           23.271        13.66639         9.60491         9.60491
  818           14.965        12.03824         2.92656         2.92656
  819           10.452        11.40717        -0.95547        -0.95547
  820           12.758        11.77824         0.97986         0.97986
  821           17.323        12.26290         5.06010         5.06010
  822           18.544        13.17668         5.36692         5.36692
  823           18.341        11.50815         6.83255         6.83255
  824           25.172        12.90911        12.26249        12.26249
  825           22.671        12.34873        10.32247        10.32247
  826           24.271        11.81863        12.45287        12.45287
  827            19.89        12.54562         7.34488         7.34488
  828           22.424        13.29785         9.12575         9.12575
  829           14.101        17.28619        -3.18529        -3.18529
  830           11.657        17.08929        -5.43209        -5.43209
  831           22.528        18.04599         4.48191         4.48191
  832           28.048        15.57978        12.46782        12.46782
  833           19.119        12.67688         6.44222         6.44222
  834           18.807        13.96173         4.84487         4.84487
  835           18.196        17.84405         0.35155         0.35155
  836           27.741        12.00038        15.74112        15.74112
  837           26.027        11.68232        14.34508        14.34508
  838           27.034        13.01766        14.01614        14.01614
  839           32.697        12.55824        20.13916        20.13916
  840           21.228        13.80775         7.42035         7.42035
  841           26.515        11.73028        14.78522        14.78522
  842           24.822        11.68737        13.13433        13.13433
  843           46.855        14.32270        32.53270        32.53270
  844           76.633        15.61765        61.01535        61.01535
  845           17.999        13.37610         4.62270         4.62270
  846           38.811        12.90911        25.90229        25.90229
  847           91.222        13.19688        78.02462        78.02462
  848           25.885        12.60620        13.27890        13.27890
  849           15.061        12.00290         3.05800         3.05800
  850           23.714        12.79047        10.92333        10.92333
  851           15.032        16.03163        -0.99993        -0.99993
  852           26.864        13.53008        13.33402        13.33402
  853           40.085        13.49979        26.58491        26.58491
  854           26.387        14.33280        12.05470        12.05470
  855           17.297        12.91416         4.38254         4.38254
  856           27.424        11.97766        15.44604        15.44604
  857             31.5        12.76523        18.73497        18.73497
  858           35.309        12.64154        22.66736        22.66736
  859           31.395        12.81319        18.58231        18.58231
  860           22.296        12.13669        10.15941        10.15941
  861           41.327        14.14853        27.17857        27.17857
  862           29.318        12.64911        16.66909        16.66909
  863           111.48        19.81802        91.66098        91.66098
  864           9.9809        14.16367        -4.18275        -4.18275
  865           12.334        13.34076        -1.00676        -1.00676
  866           33.561        14.40095        19.16045        19.16045
  867           45.658        15.74134        29.91656        29.91656
  868           19.242        16.54658         2.69532         2.69532
  869           24.018        15.50406         8.51384         8.51384
  870            16.36        13.97183         2.38817         2.38817
  871           5.9742        14.65590        -8.68167        -8.68167
  872           15.928        12.70717         3.22063         3.22063
  873            35.37        11.93475        23.43505        23.43505
  874           13.681        13.23979         0.44081         0.44081
  875           9.4549        13.75979        -4.30492        -4.30492
  876            15.06        12.77280         2.28700         2.28700
  877           17.256        12.18717         5.06893         5.06893
  878            33.74        14.14600        19.59410        19.59410
  879            24.15        14.55493         9.59537         9.59537
  880           37.729        14.77454        22.95436        22.95436
  881            21.86        13.15901         8.70139         8.70139
  882           68.908        15.37027        53.53733        53.53733
  883           21.779        13.40387         8.37493         8.37493
  884           22.294        11.95999        10.33451        10.33451
  885           34.168        14.81746        19.35024        19.35024
  886           38.121        13.55280        24.56830        24.56830
  887           13.307        14.08794        -0.78124        -0.78124
  888           45.367        15.41823        29.94867        29.94867
  889           13.178        13.09591         0.08159         0.08159
  890           26.027        15.39046        10.63704        10.63704
  891           20.177        14.53726         5.64004         5.64004
  892           22.222        14.20154         8.02076         8.02076
  893           16.469        13.75979         2.70931         2.70931
  894           20.035        12.29824         7.73726         7.73726
  895           9.2452        15.41066        -6.16545        -6.16545
  896           9.1491        15.86250        -6.71339        -6.71339
  897           13.532        15.21881        -1.68681        -1.68681
  898           15.385        15.61765        -0.23255        -0.23255
  899           19.057        12.59358         6.46322         6.46322
  900            12.12        16.51881        -4.39911        -4.39911
  901           8.9187        14.28736        -5.36863        -5.36863
  902            16.42        12.35377         4.06623         4.06623
  903           14.834        11.86659         2.96691         2.96691
  904           24.584        13.46445        11.11955        11.11955
  905           30.799        13.95668        16.84202        16.84202
  906           22.086        16.40017         5.68583         5.68583
  907           13.447        14.09047        -0.64317        -0.64317
  908           13.246        12.13921         1.10699         1.10699
  909           36.857        12.98484        23.87186        23.87186
  910           31.584        12.65669        18.92691        18.92691
  911           23.887        14.14095         9.74605         9.74605
  912           26.956        12.68445        14.27135        14.27135
  913             37.2        12.70212        24.49828        24.49828
  914           17.397        11.48038         5.91702         5.91702
  915           12.907        13.90620        -0.99910        -0.99910
  916           24.393        11.62426        12.76914        12.76914
  917           22.559        12.42698        10.13172        10.13172
  918           14.405        14.21416         0.19124         0.19124
  919           20.246        12.68193         7.56447         7.56447
  920           8.1337        13.60581        -5.47214        -5.47214
  921           8.9006        13.16406        -4.26349        -4.26349
  922           6.0565        14.89066        -8.83415        -8.83415
  923           6.7497        13.93649        -7.18680        -7.18680
  924           19.545        15.32231         4.22299         4.22299
  925           8.5179        14.05260        -5.53473        -5.53473
  926           13.701        13.41144         0.28976         0.28976
  927           22.721        13.94911         8.77179         8.77179
  928           21.249        13.62600         7.62340         7.62340
  929           12.813        11.48038         1.33302         1.33302
  930           10.548        13.30542        -2.75762        -2.75762
  931           27.391        11.38951        16.00139        16.00139
  932           22.427        13.66639         8.76051         8.76051
  933           15.559        12.64659         2.91261         2.91261
  934           19.994        16.74599         3.24811         3.24811
  935           19.419        13.05299         6.36641         6.36641
  936            26.11        14.85532        11.25478        11.25478
  937           22.001        14.83008         7.17052         7.17052
  938           15.773        13.75979         2.01341         2.01341
  939           17.163        14.04251         3.12019         3.12019
  940           19.463        14.81746         4.64524         4.64524
  941           14.418        11.88426         2.53324         2.53324
  942           28.729        13.29280        15.43650        15.43650
  943           22.521        11.78077        10.74073        10.74073
  944           24.752        13.36348        11.38842        11.38842
  945           11.813        12.24018        -0.42678        -0.42678
  946           19.242        13.07066         6.17104         6.17104
  947           38.111        12.75261        25.35879        25.35879
  948           69.057        13.76231        55.29429        55.29429
  949           30.694        12.97727        17.71673        17.71673
  950            26.29        15.50153        10.78867        10.78867
  951           11.417        12.95707        -1.54047        -1.54047
  952           23.805        16.72327         7.08223         7.08223
  953            39.48        15.79435        23.68595        23.68595
  954           41.185        13.78503        27.40017        27.40017
  955            27.82        13.99707        13.82243        13.82243
  956           27.281        12.01552        15.26548        15.26548
  957           18.194        14.32522         3.86888         3.86888
  958           21.428        12.26795         9.16045         9.16045
  959           16.149        15.40561         0.74319         0.74319
  960           13.452        12.06853         1.38347         1.38347
  961           17.254        16.53900         0.71530         0.71530
  962           25.179        15.30969         9.86941         9.86941
  963           29.919        13.73455        16.18455        16.18455
  964           21.179        11.42989         9.74951         9.74951
  965           30.738        13.32562        17.41258        17.41258
  966           36.001        14.10814        21.89306        21.89306
  967           22.456        13.63610         8.81970         8.81970
  968           33.302        12.30329        20.99901        20.99901
  969           38.364        12.85105        25.51305        25.51305
  970           32.286        12.91164        19.37436        19.37436
  971           9.0081        12.48756        -3.47944        -3.47944
  972           7.2678        12.65164        -5.38382        -5.38382
  973           8.7118        12.87377        -4.16197        -4.16197
  974           8.1374        11.10679        -2.96937        -2.96937
  975           7.7356        11.54349        -3.80788        -3.80788
  976           23.446        12.07610        11.36990        11.36990
  977           13.439        11.13960         2.29960         2.29960
  978           7.9124        12.16698        -4.25459        -4.25459
  979           2.5016        10.06798        -9.27233        -7.56639
  980           4.7695        11.80096        -7.03145        -7.03145
  981           3.3473        12.30581        -8.95847        -8.95847
  982           6.3918        12.92931        -6.53756        -6.53756
  983            13.03        11.36931         1.66059         1.66059
  984           19.628        11.12193         8.50577         8.50577
  985           13.603        11.66213         1.94077         1.94077
  986           20.188        11.53591         8.65229         8.65229
  987           15.425        12.43960         2.98570         2.98570
  988           13.925        12.32601         1.59939         1.59939
  989           9.8231        12.95960        -3.13649        -3.13649
  990           6.4052        13.37863        -6.97346        -6.97346
  991           16.096        10.91747         5.17813         5.17813
  992           11.626        11.33145         0.29465         0.29465
  993           20.878        11.37184         9.50656         9.50656
  994           16.361        11.79339         4.56801         4.56801
  995           11.003        11.64698        -0.64378        -0.64378
  996           12.949        11.58135         1.36745         1.36745
  997           9.8226        11.81106        -1.98844        -1.98844
  998           4.5448        13.04290        -8.49809        -8.49809
  999           8.2217        12.30581        -4.08410        -4.08410
 1000           23.283        12.30581        10.97689        10.97689
 1001           25.643        12.33610        13.30730        13.30730
 1002           16.059        12.34115         3.71805         3.71805
 1003           17.857        12.18970         5.66690         5.66690
 1004           14.613        11.69494         2.91836         2.91836
 1005           18.346        12.37397         5.97163         5.97163
 1006           18.649        12.10892         6.53978         6.53978
 1007              8.4        13.15901        -4.75902        -4.75902
 1008           19.065        12.35125         6.71385         6.71385
 1009           21.708        12.49008         9.21782         9.21782
 1010           14.754        12.39669         2.35731         2.35731
 1011           3.3945        11.45514        -8.06064        -8.06064
 1012           4.9005        12.32601        -7.42548        -7.42548
 1013           7.3667        12.51028        -5.14353        -5.14353
 1014           6.4913        11.96756        -5.47622        -5.47622
 1015           2.6987        12.37144        -9.67279        -9.67279
 1016           8.2508        11.82873        -3.57795        -3.57795
 1017           2.8796        12.33863        -9.45906        -9.45906
 1018             8.43        11.78077        -3.35078        -3.35078
 1019           5.3949        12.10135        -6.70640        -6.70640
 1020           14.358        12.20737         2.15073         2.15073
 1021           16.199        12.15436         4.04474         4.04474
 1022           18.717        11.88931         6.82779         6.82779
 1023            14.82        12.17708         2.64342         2.64342
 1024           18.692        11.75300         6.93940         6.93940
 1025           8.0201        12.35125        -4.33113        -4.33113
 1026           13.094        11.99028         1.10412         1.10412
 1027           9.4828        11.98018        -2.49736        -2.49736
 1028           13.649        11.94989         1.69961         1.69961
 1029           15.701        11.84387         3.85723         3.85723
 1030            16.58        12.07106         4.50914         4.50914
 1031           18.817        11.64193         7.17557         7.17557
 1032           12.212        12.51280        -0.30080        -0.30080
 1033           10.983        12.19222        -1.20952        -1.20952
 1034           15.902        11.68737         4.21413         4.21413
 1035           13.421        11.53086         1.89064         1.89064
 1036            17.25        11.79086         5.45954         5.45954
 1037           12.192        12.23261        -0.04021        -0.04021
 1038           18.454        12.00795         6.44655         6.44655
 1039           8.1343        12.39164        -4.25729        -4.25729
 1040           10.732        12.10387        -1.37137        -1.37137
 1041           17.251        11.86407         5.38713         5.38713
 1042           17.653        12.01805         5.63485         5.63485
 1043           20.183        12.06853         8.11477         8.11477
 1044           12.971        12.63649         0.33481         0.33481
 1045           11.075        12.29067        -1.21607        -1.21607
 1046           9.4127        11.99533        -2.58263        -2.58263
 1047           3.9878        11.88931        -7.90148        -7.90148
 1048           9.7065        12.36135        -2.65484        -2.65484
 1049           10.748        12.71474        -1.96664        -1.96664
 1050           15.825        12.52038         3.30442         3.30442
 1051           10.143        12.50775        -2.36455        -2.36455
 1052           21.649        12.16193         9.48677         9.48677
 1053           20.139        11.99533         8.14327         8.14327
 1054           17.371        12.45979         4.91141         4.91141
 1055           8.0859        11.96251        -3.87663        -3.87663
 1056           5.0037        11.90698        -6.90324        -6.90324
 1057           8.2951        12.17708        -3.88200        -3.88200
 1058           5.1156        12.49513        -7.37952        -7.37952
 1059           7.3782        12.50523        -5.12701        -5.12701
 1060            3.915        12.49261        -8.57757        -8.57757
 1061           3.5114        13.14134        -9.62989        -9.62989
 1062           6.7778        13.36348        -6.58568        -6.58568
 1063           7.3459        13.71688        -6.37102        -6.37102
 1064           2.3227        14.21416       -11.89143       -11.89143
 1065           8.3613        13.66134        -5.29999        -5.29999
 1066           1.9974        13.71435       -11.71699       -11.71699
 1067           5.7209        12.45222        -6.73129        -6.73129
 1068           8.4875        12.11902        -3.63157        -3.63157
 1069            7.087        12.59358        -5.50654        -5.50654
 1070           6.0918        12.31086        -6.21909        -6.21909
 1071           5.8428        12.29572        -6.45288        -6.45288
 1072           6.3144        12.65669        -6.34231        -6.34231
 1073           7.7862        12.63397        -4.84777        -4.84777
 1074           1.6277        12.54309       -10.91538       -10.91538
 1075           9.9809        12.56834        -2.58747        -2.58747
 1076           7.2587        12.73999        -5.48130        -5.48130
 1077           5.4347        12.44212        -7.00744        -7.00744
 1078           7.3638        11.27339        -3.90958        -3.90958
 1079           4.4875        12.46737        -7.97987        -7.97987
 1080           4.1149        12.13416        -8.01929        -8.01929
 1081           13.916        12.43455         1.48135         1.48135
 1082           13.558        11.95494         1.60316         1.60316
 1083           11.325        12.65164        -1.32704        -1.32704
 1084           7.1013        12.52038        -5.41908        -5.41908
 1085             4.09        12.99241        -8.90236        -8.90236
 1086           3.1465        12.77280        -9.62629        -9.62629
 1087           3.1872        12.95202        -9.76482        -9.76482
 1088           4.6984        11.73785        -7.03941        -7.03941
 1089           3.0891        12.97727        -9.88816        -9.88816
 1090           3.8844        10.40304        -8.49879        -6.51865
 1091           3.5199        11.76562        -8.24569        -8.24569
 1092           3.0483        12.08368        -9.03536        -9.03536
 1093           8.2481        11.95999        -3.71190        -3.71190
 1094           8.9166        11.74795        -2.83135        -2.83135
 1095            4.767        11.88426        -7.11727        -7.11727
 1096           2.6761        12.94445       -10.26838       -10.26838
 1097           9.5896        12.85105        -3.26145        -3.26145
 1098           6.7433        12.59105        -5.84776        -5.84776
 1099           12.757        13.12367        -0.36677        -0.36677
 1100            8.716        12.51028        -3.79425        -3.79425
 1101           2.3801        12.98232       -10.60221       -10.60221
 1102           2.7162        13.91629       -11.20006       -11.20006
 1103           3.5135        13.81027       -10.29680       -10.29680
 1104           3.2305        12.20484        -8.97431        -8.97431
 1105           3.8765        11.78329        -7.90681        -7.90681
 1106           2.7515        12.14678        -9.39533        -9.39533
 1107            2.881        12.19222        -9.31119        -9.31119
============================== END OF REPORT ================================

