>>02/12/2019 00:01:01
REGRESSION
----------
SUMMARY OF OUTPUT: SPATIAL LAG MODEL - MAXIMUM LIKELIHOOD ESTIMATION
Data set            : BonusFile
Spatial Weight      : Bonusfile weights
Dependent Variable  :  LSOA2011 A  Number of Observations: 1107
Mean dependent var  :     13.0277  Number of Variables   :    3
S.D. dependent var  :     10.1781  Degrees of Freedom    : 1104
Lag coeff.   (Rho)  :    0.923305

R-squared           :    0.784452  Log likelihood        :     -3436.2
Sq. Correlation     : -            Akaike info criterion :     6878.39
Sigma-square        :     22.3292  Schwarz criterion     :     6893.42
S.E of regression   :     4.72538

-----------------------------------------------------------------------------
       Variable       Coefficient     Std.Error       z-value    Probability
-----------------------------------------------------------------------------
      W_LSOA2011 A      0.923305       0.011243        82.1228     0.00000
          CONSTANT       1.81517       0.354674        5.11786     0.00000
        IMD only10    -0.0410766      0.0154187       -2.66407     0.00772
-----------------------------------------------------------------------------

REGRESSION DIAGNOSTICS
DIAGNOSTICS FOR HETEROSKEDASTICITY 
RANDOM COEFFICIENTS
TEST                                     DF      VALUE        PROB
Breusch-Pagan test                       1        51.1747     0.00000

DIAGNOSTICS FOR SPATIAL DEPENDENCE
SPATIAL LAG DEPENDENCE FOR WEIGHT MATRIX : Bonusfile weights
TEST                                     DF      VALUE        PROB
Likelihood Ratio Test                    1      1370.8070     0.00000

  OBS      LSOA2011 A        PREDICTED        RESIDUAL       PRED ERROR
    1           4.6755        14.08834        -1.21923        -9.41286
    2           2.6159        14.81582        -3.16013       -12.19994
    3           2.8147        14.38553        -2.35308       -11.57081
    4           4.4925        14.44500        -1.09500        -9.95247
    5           4.9463        15.70557        -0.80974       -10.75930
    6           4.8039        15.75635        -1.01690       -10.95241
    7           3.3573        14.28730        -1.22733       -10.93005
    8           6.7797        15.60697         0.99153        -8.82722
    9           14.242        13.51996         2.42164         0.72174
   10           6.4747        13.68138        -4.03363        -7.20670
   11           3.8218        13.63610        -1.62978        -9.81435
   12           9.6078        13.25095        -1.70541        -3.64312
   13           5.6252        15.17151        -3.30795        -9.54631
   14           3.6551        13.70982        -1.69048       -10.05470
   15           4.6898        14.13679        -0.90312        -9.44698
   16           8.0451        14.51244        -0.63782        -6.46731
   17           6.2742        14.36009        -3.27603        -8.08585
   18           6.9993        13.10529        -3.18537        -6.10603
   19          0.86423        15.56308        -5.41307       -14.69886
   20           4.5198        15.92429        -1.10479       -11.40448
   21           4.5078        15.45346        -0.64809       -10.94569
   22           3.4931        13.35665        -2.84856        -9.86357
   23           5.5796        13.35394        -0.25168        -7.77434
   24           7.3884         0.22140         7.16705         7.16705
   25           4.5241        14.27380        -3.08221        -9.74967
   26             7.74        13.86207        -1.50138        -6.12205
   27           12.947        13.93341         4.24197        -0.98671
   28           8.0691        13.86670         0.34507        -5.79756
   29           4.4812        13.34561        -2.41099        -8.86443
   30           11.731        13.32006         3.95067        -1.58896
   31           4.1925        13.50346        -3.30251        -9.31097
   32           12.002        13.42350         2.14795        -1.42140
   33           13.127        13.58561         3.22365        -0.45881
   34           4.5724        13.48734        -4.18710        -8.91495
   35           13.636        19.17606         0.63290        -5.53996
   36           18.281        18.43699         4.95715        -0.15619
   37           5.4967        17.00868        -1.81848       -11.51196
   38           6.4013        18.15554        -4.84020       -11.75419
   39            7.163        18.14473        -3.28079       -10.98176
   40           13.519        18.95835        -2.43767        -5.43965
   41           14.277        19.02930        -0.22310        -4.75260
   42           10.941        19.42839        -3.57989        -8.48719
   43           9.0905        15.27479        -1.83328        -6.18434
   44           15.322        15.71284         2.52368        -0.39134
   45           18.137        16.74163         3.57262         1.39587
   46            15.47        15.74571         2.89388        -0.27601
   47           15.114        17.63562        -0.67155        -2.52192
   48           13.662        17.78374        -0.08149        -4.12134
   49           11.277        16.46986        -1.81536        -5.19276
   50           8.9393        15.73270        -1.25280        -6.79342
   51           4.1254        15.27833        -1.78249       -11.15297
   52           9.2043        14.34243         1.83761        -5.13812
   53           7.2449        14.76104        -1.34689        -7.51613
   54           5.5574        14.56626        -2.17136        -9.00887
   55           11.049        15.28979         2.08987        -4.24119
   56           7.9219        15.53578         0.94809        -7.61391
   57           5.5598        13.70734        -1.37810        -8.14754
   58           6.5614        13.78269         1.56372        -7.22130
   59           16.453        16.05481         3.45687         0.39859
   60           5.1773        16.10082        -1.44157       -10.92348
   61           3.9343        16.21059        -5.32094       -12.27627
   62           10.772        15.45153         0.32890        -4.67923
   63           9.3492        16.40138        -1.92637        -7.05216
   64           20.672        15.85017         7.73036         4.82213
   65           3.3297        16.10534        -2.55934       -12.77564
   66           5.2686        15.43525        -0.98008       -10.16661
   67           9.0831        15.63390        -1.60973        -6.55076
   68           6.9311        15.71076        -0.23309        -8.77963
   69            9.836        15.00460        -1.89958        -5.16864
   70            9.254        15.19931         0.29765        -5.94528
   71           6.4086        14.20458         0.71799        -7.79602
   72           10.172        15.03174         2.08472        -4.85974
   73           7.6276        13.39917        -1.33413        -5.77157
   74           16.779        14.15514         6.62256         2.62396
   75           9.0111        14.39530         3.17159        -5.38418
   76           6.6471        14.34748        -1.14710        -7.70034
   77            6.107        13.31669        -2.04412        -7.20973
   78           28.017        14.03093         9.29700        13.98557
   79           23.638        14.13854         7.86102         9.49926
   80           17.764        14.19474         3.52913         3.56886
   81           9.8165        13.76900        -7.61749        -3.95248
   82           11.093        13.36358        -5.39307        -2.27088
   83           6.7759        14.61229        -2.36018        -7.83643
   84           9.8204        14.41090        -1.95472        -4.59051
   85           8.0195        14.21297        -2.44800        -6.19352
   86           15.619        17.37879        -9.56312        -1.76009
   87           21.108        18.65591         0.39476         2.45209
   88           22.003        19.13559         4.62941         2.86741
   89           7.9046        19.27997        -9.13584       -11.37535
   90            20.03        18.20017         0.97180         1.82993
   91           4.0874        14.86474        -2.36030       -10.77733
   92           10.104        15.15791         3.22213        -5.05401
   93           5.0229        16.03211        -2.47400       -11.00921
   94           3.8394        15.21230        -3.09477       -11.37289
   95           2.2541        14.03512        -3.94321       -11.78105
   96           6.7017        15.42197        -1.17125        -8.72029
   97            4.891        14.98684        -2.18989       -10.09585
   98           7.2737        16.90450        -2.95498        -9.63084
   99           3.3386        12.09809        -1.10235        -8.75948
  100           2.7147        12.12792        -1.69721        -9.41320
  101           5.7759        12.85590        -2.01822        -7.08004
  102           3.8279        17.02116        -4.55625       -13.19327
  103           8.3261        17.61006        -2.10341        -9.28399
  104           6.8844        16.32396        -2.07310        -9.43960
  105           7.5943        14.89582        -1.61865        -7.30154
  106           4.2541        12.77525        -1.12040        -8.52118
  107           6.3456        12.93353        -1.23121        -6.58789
  108           14.755        18.92262         0.08296        -4.16792
  109           18.691        19.30489         3.95623        -0.61409
  110           17.133        18.53260         2.81211        -1.40000
  111           13.397        16.80252        -0.70678        -3.40582
  112           9.6074        17.70361        -4.44689        -8.09621
  113           15.071        18.65783        -1.27598        -3.58673
  114           4.4953        14.09602        -2.17318        -9.60068
  115           4.8521        14.41594        -3.08902        -9.56385
  116           6.7984        14.23795        -1.49414        -7.43952
  117           18.995        14.22366         6.21263         4.77164
  118           8.6915        13.98518        -1.17629        -5.29372
  119           13.277        14.23512         1.95943        -0.95782
  120           9.7613        13.83044         2.36876        -4.06917
  121           8.8036        14.11075        -1.50410        -5.30713
  122           4.0287        14.93120        -1.19130       -10.90250
  123            4.961        15.71162        -2.04898       -10.75063
  124           3.2017        16.08926        -2.98849       -12.88760
  125           5.2192        15.61936        -1.48732       -10.40011
  126           5.1195        16.01284        -0.95687       -10.89333
  127           6.5007        14.85071        -0.21154        -8.35002
  128           4.6133        15.21296        -0.71819       -10.59965
  129           4.7607        14.78463        -0.89955       -10.02391
  130           4.7133        15.70578        -1.91590       -10.99248
  131           9.8141        14.80894        -0.94100        -4.99480
  132           8.8119        14.76412         1.86423        -5.95223
  133           9.1105        14.01358         1.15255        -4.90306
  134           5.7426        13.77263        -2.34466        -8.03002
  135           9.3519        13.60961         2.50872        -4.25770
  136           4.5961        14.11352        -3.46934        -9.51744
  137           30.148        13.88432         7.08989        16.26368
  138           39.556        13.74342        13.35002        25.81268
  139           17.761        13.99150         2.27159         3.76910
  140           5.1851        14.67447        -3.44986        -9.48940
  141           13.685        13.88554        -3.77510        -0.20094
  142           12.109        14.04691        -1.13705        -1.93761
  143           8.7545        15.14207         1.41210        -6.38759
  144           2.9455        14.03562        -8.24892       -11.09012
  145           6.8281        14.83308        -2.44446        -8.00500
  146           7.7443        14.82843        -0.64196        -7.08409
  147           17.984        14.16271        -2.70522         3.82169
  148            12.13        13.99558        -1.03262        -1.86598
  149           10.406        14.89877        -3.45247        -4.49297
  150           9.3272        15.30691        -2.28833        -5.97973
  151           16.733        14.01781         2.75543         2.71519
  152           9.8676        15.13760        -4.14340        -5.26996
  153           17.727        14.47753         0.33885         3.24927
  154           13.601        14.53047         0.86188        -0.92997
  155           15.433        19.02159         5.56436        -3.58819
  156           17.547        18.25984         8.64339        -0.71234
  157           12.553        18.51003        -1.55037        -5.95703
  158           19.853        16.88886         2.93169         2.96394
  159           31.576        17.70347        12.18305        13.87263
  160           9.4206        16.53015        -3.16711        -7.10958
  161           18.268        16.36451         7.56873         1.90329
  162           6.0486        12.38447         2.35535        -6.33591
  163           4.3798        12.68433         0.38677        -8.30449
  164           9.6685        14.79296        -0.05400        -5.12444
  165            11.42        15.10209         2.05480        -3.68169
  166           11.694        16.25194         3.45146        -4.55824
  167           43.348        17.21619        27.75731        26.13221
  168           4.7075        13.84115        -3.57990        -9.13362
  169           11.428        13.45481         2.84460        -2.02631
  170           8.9258        13.71957         0.50427        -4.79373
  171           4.1539        13.65105        -4.06874        -9.49712
  172           4.6098        13.74669        -2.41004        -9.13684
  173           12.374        13.21812         5.18409        -0.84362
  174           9.1922        13.03439        -0.03597        -3.84215
  175           9.1387        14.24460        -0.18220        -5.10588
  176           5.3938        12.89137        -5.92713        -7.49760
  177           11.369        12.92462         2.38438        -1.55582
  178           4.6563        13.94226        -2.45480        -9.28595
  179           6.1367        13.18861        -2.00960        -7.05189
  180           10.854        13.71092         2.84062        -2.85642
  181           9.3271        13.08053        -1.55854        -3.75340
  182           7.1876        15.28049        -1.25382        -8.09290
  183           9.1589        14.76134         2.12118        -5.60247
  184           9.5046        15.67663        -1.62559        -6.17198
  185           14.216        16.77801         1.44283        -2.56181
  186           7.7923        16.96873        -4.07721        -9.17645
  187           11.722        17.27125         0.61524        -5.54895
  188           9.5918        17.40033        -1.01049        -7.80851
  189           19.206        14.11485         4.41646         5.09075
  190           13.463        16.49704        -0.93332        -3.03384
  191           7.2961        11.67535        -4.54996        -4.37926
  192           13.075        11.41111        -0.00243         1.66349
  193           7.1673        11.54093        -0.78448        -4.37368
  194           12.073        11.60676        -0.02745         0.46604
  195           19.095        11.60521         7.22402         7.49009
  196           7.3139        11.06516        -4.13793        -3.75123
  197           16.739        13.49146        -1.21464         3.24794
  198           13.757        12.34073        -1.54832         1.41657
  199           27.821        13.93517        10.76020        13.88583
  200           13.934        13.11347        -4.70648         0.82093
  201           15.248        12.60846        -0.82106         2.63924
  202           8.9875        16.94108        -1.22603        -7.95363
  203           10.861        17.15177         0.10791        -6.29107
  204           10.597        17.42744        -0.26833        -6.83044
  205            21.62        15.61504         2.97108         6.00456
  206           7.4307        16.69609        -1.25733        -9.26542
  207           9.9937        17.38275        -1.24844        -7.38906
  208           4.8231        14.05238        -0.34149        -9.22927
  209           4.8568        14.11033        -0.53830        -9.25357
  210           21.917        17.43194         8.44981         4.48476
  211           5.6505        17.22423        -4.28555       -11.57371
  212           21.906        16.76270         7.79138         5.14300
  213           9.0607        17.20922        -4.95593        -8.14853
  214           7.9934        17.12714        -3.71094        -9.13370
  215           7.4892        16.40282        -3.18700        -8.91358
  216           6.6539        16.89137        -1.97363       -10.23747
  217           13.628        15.49906        -1.92512        -1.87136
  218           13.954        14.85578        -0.80582        -0.90188
  219           10.347        13.87872        -2.34314        -3.53152
  220           15.466        16.22488         0.63007        -0.75878
  221           16.778        16.38544        -0.66429         0.39256
  222           13.071        17.07756        -0.18387        -4.00656
  223           18.922        16.64034         2.51452         2.28196
  224           8.4914        17.12654        -0.85020        -8.63514
  225           20.206        17.32709         4.50380         2.87871
  226           22.769        18.30729         2.77242         4.46201
  227           6.6911        16.00452        -2.02455        -9.31338
  228           7.7549        15.54603        -1.63705        -7.79113
  229           9.9781        15.16664        -0.17358        -5.18858
  230           6.5614        15.72445        -1.76980        -9.16300
  231           6.6148        16.04924        -1.50315        -9.43444
  232           6.9244        14.32532        -1.42753        -7.40094
  233           5.3262        14.92797        -2.54006        -9.60182
  234            8.058        13.55252        -2.39787        -5.49454
  235           17.544        13.26589         4.53339         4.27851
  236           9.3713        14.92632         2.61868        -5.55499
  237           11.861        17.02321        -2.79142        -5.16251
  238             8.09        17.64069        -8.11993        -9.55066
  239           4.1573        14.14249        -2.37422        -9.98518
  240           20.143        18.55376         2.01679         1.58904
  241           36.899        14.96105         8.02958        21.93765
  242           13.318        17.83562         3.60463        -4.51782
  243           7.7676        17.26572        -5.33513        -9.49808
  244           13.308        14.82498        -7.03485        -1.51658
  245           40.266        14.54627        13.38550        25.71993
  246           24.944        15.19012        -1.27768         9.75428
  247           30.083        14.65948         3.51646        15.42392
  248           17.256        17.80068         3.48115        -0.54418
  249           3.3281        15.82869        -2.19513       -12.50058
  250           5.1295        15.73166        -1.04453       -10.60212
  251           3.9821        15.15090        -2.33370       -11.16876
  252           3.9532        15.33302        -6.41060       -11.37981
  253           3.8174        15.53101        -2.40910       -11.71357
  254           10.171        14.58534        -5.44737        -4.41444
  255           4.6838        14.84686        -1.68368       -10.16308
  256           18.988        18.90337         1.25950         0.08483
  257            2.877        11.57195        -0.09275        -8.69492
  258           3.2038        13.72431        -0.37732       -10.52055
  259           4.1977        11.43499        -0.09489        -7.23728
  260           15.714        13.90484        -1.86991         1.80936
  261           11.833        11.47338        -1.37281         0.35972
  262           13.736        11.63120         1.52434         2.10450
  263           19.398        15.65590        -0.42528         3.74200
  264           15.859        16.21737         0.16629        -0.35827
  265           31.465        16.87590         8.07102        14.58880
  266           25.114        16.51649        -1.53163         8.59771
  267           25.395        16.64973         0.83563         8.74537
  268           29.733        17.11370         4.02144        12.61940
  269           26.675        17.50391         2.34110         9.17089
  270           19.537        15.85556        -0.80692         3.68094
  271           12.348        15.96065        -5.78392        -3.61235
  272           20.289        15.21184         1.08014         5.07686
  273           20.115        15.44674         0.31979         4.66866
  274            24.86        15.43392         7.21028         9.42638
  275           12.958        15.56969         1.21113        -2.61209
  276            2.671        14.38209        -7.65351       -11.71105
  277           5.0382        14.08663        -1.96110        -9.04847
  278           3.5312        14.62210        -2.44895       -11.09090
  279           5.5455        15.81756        -5.38526       -10.27208
  280           6.6047        14.66909         1.32409        -8.06438
  281           7.5668        15.26989        -0.91541        -7.70305
  282           21.031        15.42960         3.04662         5.60110
  283           13.607        16.05378        -1.38629        -2.44688
  284            22.96        16.47891         3.15286         6.48159
  285           18.869        16.87688        -3.00475         1.99192
  286           15.503        16.61181        -1.75587        -1.10891
  287             16.1        14.04177         1.15826         2.05823
  288           11.538        12.49394        -1.26158        -0.95574
  289           4.3983         9.85328        -1.70153        -5.45496
  290           6.3996         9.92609        -1.79665        -3.52646
  291           12.835         8.50521         3.59914         4.32929
  292           6.2451        10.98519        -1.54036        -4.74007
  293           8.1066        12.75369        -0.56928        -4.64712
  294           8.4743        14.73843        -8.25884        -6.26411
  295           5.6086        11.26645         0.55537        -5.65786
  296           4.5229         9.96839        -4.84800        -5.44554
  297           7.6433        11.84585         1.05719        -4.20259
  298           16.584        12.82800         7.76633         3.75620
  299           17.451        12.69202        10.01855         4.75878
  300            8.799        15.38388        -1.40872        -6.58488
  301           6.3156        15.56182        -3.92066        -9.24623
  302           12.034        15.79545         1.86746        -3.76135
  303           7.0135        15.48195        -5.44274        -8.46847
  304           10.366        15.67565        -5.64863        -5.30955
  305           10.718        16.32198         1.81870        -5.60378
  306           11.614        15.37280        -8.62266        -3.75910
  307           34.632        15.52551         9.88996        19.10689
  308           12.925        19.64973         2.87978        -6.72513
  309           4.7633        18.65661        -2.29359       -13.89327
  310           4.8477        18.55505        -2.22350       -13.70734
  311           4.8733        19.01324        -3.21486       -14.13990
  312           8.6718        18.93218         0.97996       -10.26039
  313           6.3709        18.65971        -0.72127       -12.28880
  314           10.545        19.35173         2.37588        -8.80673
  315           3.2611        16.44589        -2.32321       -13.18484
  316            4.027        17.39629        -1.90627       -13.36929
  317           7.7924        18.48051        -0.40381       -10.68806
  318           6.1719        18.12512        -0.57710       -11.95321
  319           9.7145        19.67135        -1.15678        -9.95685
  320           8.4277        19.54080        -2.12420       -11.11311
  321           10.911        18.61476         0.44299        -7.70376
  322           18.144        19.42856         6.71733        -1.28466
  323           18.159        18.86871         4.75293        -0.71021
  324           16.896        18.37448         0.93875        -1.47888
  325            3.484        18.96945        -5.76473       -15.48541
  326           13.846        18.60751        -1.38285        -4.76161
  327             5.63        17.43503        -5.66148       -11.80498
  328           6.3488        15.93547        -1.61231        -9.58666
  329           9.2876        15.46060        -0.44762        -6.17301
  330           4.8111        15.79031        -2.95284       -10.97925
  331           6.3524        15.82180        -1.87380        -9.46943
  332           7.2866        16.05679        -1.61745        -8.77015
  333           9.0884        15.25576        -0.09009        -6.16735
  334           15.036        16.58713        -1.51341        -1.55153
  335           10.694        15.45067         0.04466        -4.75707
  336           12.171        14.75872        -1.69711        -2.58752
  337           24.439        15.12079         1.91359         9.31801
  338           19.552        15.04937        -2.00444         4.50223
  339           22.349        15.30468         3.88889         7.04482
  340           18.588        16.03732         1.61974         2.55038
  341           17.624        15.18400        -0.77858         2.43960
  342           10.524        15.16129        -2.37647        -4.63779
  343           6.8365        14.65200        -2.31535        -7.81548
  344           6.1177        15.21286        -1.67447        -9.09520
  345           6.0422        13.95110        -1.28960        -7.90892
  346           5.8453        14.75183        -1.48960        -8.90651
  347           7.4411        13.90849         0.43573        -6.46739
  348           6.8892        14.37687        -1.39914        -7.48770
  349           7.8529        15.16532        -0.40707        -7.31243
  350           2.6057        14.31881        -2.10392       -11.71315
  351           4.1469        14.40530        -0.34639       -10.25841
  352           4.5165        15.06163        -2.38687       -10.54515
  353           5.2456        15.55124        -2.33826       -10.30560
  354           6.1275        15.60464        -1.13082        -9.47711
  355           12.489        15.27062         5.79381        -2.78122
  356           3.7173        14.16665        -1.71709       -10.44939
  357           2.9095        13.88469        -2.69641       -10.97519
  358           4.8265        14.74935        -2.05731        -9.92285
  359           6.9007        14.93518         0.06352        -8.03449
  360           8.0844        14.92377         0.34244        -6.83937
  361           4.5202        14.40174        -2.05134        -9.88159
  362           3.5534        13.32961        -1.27118        -9.77618
  363           7.0128        17.49864        -8.18255       -10.48584
  364           12.969        16.33755         0.87235        -3.36855
  365           16.091        15.15494        -0.13393         0.93596
  366           23.609        14.55384         3.52772         9.05536
  367           8.7111        16.25866        -4.63279        -7.54752
  368           15.632        15.32178         3.42921         0.31012
  369            13.33        16.50589        -0.79666        -3.17589
  370           9.7848        15.37138        -1.95196        -5.58663
  371           9.5278        16.10582        -4.68447        -6.57800
  372           19.503        16.42657         2.30522         3.07613
  373           8.7229        16.08623        -7.54227        -7.36335
  374           17.736        15.18486         5.79651         2.55144
  375            19.73        16.18030         1.39294         3.54950
  376           20.076        15.92581         2.73796         4.15029
  377           24.773        15.61222         5.61443         9.16118
  378           3.0852        17.08152        -3.50298       -13.99634
  379            6.178        15.73363        -1.07736        -9.55567
  380           8.1774        15.41262         1.41189        -7.23519
  381           2.8279        16.84228        -3.49230       -14.01439
  382           8.7665        16.25254         2.04470        -7.48605
  383           5.8766        14.50818        -1.17551        -8.63153
  384           6.1109        16.69922         0.33644       -10.58835
  385           5.8403        14.14825         0.86298        -8.30792
  386            3.257        15.83586        -2.14073       -12.57886
  387           4.4253        15.18582        -1.20498       -10.76050
  388           3.7575        15.95422        -3.74586       -12.19669
  389           6.7736        16.23633         0.41869        -9.46273
  390           4.8808        14.76746        -1.90643        -9.88666
  391           3.6348        14.90301        -0.68208       -11.26824
  392           10.313        13.30277        -1.65765        -2.98977
  393           18.788        14.10723         2.66480         4.68117
  394           15.195        14.20865         0.47263         0.98635
  395           14.757        13.50754         2.45350         1.24976
  396           1.0872        12.70533        -7.33361       -11.61817
  397           14.321        14.33120        -0.05787        -0.01060
  398           28.861        15.19878         6.71215        13.66252
  399           4.3638        11.61783        -0.94578        -7.25405
  400           2.5909        11.73062        -2.73511        -9.13971
  401           5.8922        12.32209         0.64177        -6.42984
  402            6.751        12.44768        -2.50684        -5.69669
  403           3.6788        12.85049        -2.68881        -9.17169
  404           5.8679        12.90086        -0.30116        -7.03298
  405           5.1741        13.07616        -3.17404        -7.90208
  406            19.42        15.53026         0.96128         3.88984
  407           27.692        15.14997         4.82634        12.54193
  408           9.3431        14.50064        -0.55539        -5.15750
  409           13.096        15.31404         0.10422        -2.21844
  410           22.062        15.59000         2.46689         6.47240
  411            11.52        15.29589        -2.20202        -3.77619
  412           32.454        15.47571         7.22302        16.97829
  413            19.37        15.87777        -1.18362         3.49243
  414           5.4172        13.73081         0.18486        -8.31357
  415           7.9471        13.33171         2.05698        -5.38461
  416           4.4987        13.43804        -0.89037        -8.93936
  417           3.9269        14.02851        -3.32050       -10.10157
  418           7.4391        13.35624        -0.21640        -5.91714
  419           7.8256        13.74041         0.21753        -5.91478
  420           7.7111        14.16994         0.58001        -6.45884
  421            20.79        14.21027         3.58975         6.57943
  422           11.178        13.84488        -1.17962        -2.66738
  423           4.3118        13.16144        -1.74153        -8.84968
  424           13.078        13.74632         1.63931        -0.66792
  425           8.5424        13.54096        -0.14594        -4.99856
  426           9.5604        13.54018         2.58637        -3.97974
  427           8.4169        13.76519        -0.46962        -5.34828
  428           4.9731        13.65872        -1.35010        -8.68563
  429            4.587        14.10053        -2.67403        -9.51350
  430           5.3413        14.61625        -4.37039        -9.27492
  431           15.168        15.41888        -4.13037        -0.25058
  432            9.693        15.22342        -3.13158        -5.53039
  433           3.7311        13.91639        -4.91876       -10.18526
  434           11.719        14.48131         1.97427        -2.76261
  435           17.981        17.46423        -0.58871         0.51687
  436           22.096        17.17061         5.41306         4.92569
  437           23.298        17.81435         7.35805         5.48385
  438           20.655        16.74088         2.58759         3.91432
  439           25.913        16.97661         6.19179         8.93679
  440             22.3        17.43205         4.62282         4.86845
  441           14.769        17.64250        -1.32124        -2.87340
  442           31.532        14.87358         7.88564        16.65872
  443           17.667        13.47051         5.71124         4.19689
  444           16.658        14.17294        -2.53136         2.48496
  445           12.591        13.38027         2.71906        -0.78877
  446           16.185        14.34401        -2.33734         1.84139
  447           4.2772        13.30253        -4.48851        -9.02534
  448           4.7271        13.16970        -7.34247        -8.44262
  449           2.7654        12.50779        -2.73990        -9.74237
  450           3.8228        12.95554        -2.54936        -9.13274
  451           8.9818        12.59962         3.19010        -3.61781
  452           3.3481        12.23915        -2.11381        -8.89107
  453           7.4855        12.65811         0.75345        -5.17260
  454           8.8133        12.90246         2.50333        -4.08921
  455            2.382        11.95827        -3.27643        -9.57628
  456           8.1019        14.41287        -1.92890        -6.31102
  457           9.8802        13.72735        -0.27371        -3.84711
  458           5.3398        12.77304        -0.99493        -7.43321
  459           11.849        14.55627         2.45915        -2.70757
  460           14.399        13.85470         3.53937         0.54480
  461           12.752        14.86124        -3.23121        -2.10924
  462           6.2709        13.90438        -1.45597        -7.63352
  463            10.48        15.48483        -0.38218        -5.00453
  464             14.7        16.19324         2.20026        -1.49274
  465           10.385        16.10426        -5.07830        -5.71946
  466            14.88        16.15579         2.64570        -1.27529
  467           4.4902        17.21841        -4.46819       -12.72824
  468           7.5752        15.59807         0.23222        -8.02288
  469           11.076        14.87531         1.66753        -3.79941
  470           9.5126        15.76541         0.56929        -6.25279
  471           1.5081        12.86141        -2.32696       -11.35335
  472           15.782        14.15483         3.11997         1.62677
  473           40.534        15.31474        20.44790        25.21956
  474           6.7869        13.61402        -1.98764        -6.82709
  475           26.333        16.78939         4.12927         9.54401
  476           12.457        14.14285         1.77232        -1.68595
  477            7.033        13.73898        -1.36225        -6.70594
  478           14.171        16.65579        -7.17449        -2.48509
  479           7.3906        12.91787        -5.56832        -5.52728
  480           31.917        13.19584        10.70865        18.72086
  481           16.231        13.34340         1.49110         2.88800
  482           13.145         8.98812         3.82747         4.15678
  483             7.46         8.78294        -1.13565        -1.32293
  484           8.2028         9.25479         2.13835        -1.05198
  485           4.5869        11.72731        -2.93195        -7.14045
  486            6.753        10.65055        -0.63077        -3.89753
  487           4.8654        11.44074        -1.95914        -6.57535
  488           6.3986        10.85934         0.23968        -4.46075
  489           7.0149        11.93183         1.38402        -4.91692
  490           7.4355        10.18566         0.87765        -2.75015
  491           5.7512        10.29335        -0.50313        -4.54214
  492           3.8584        11.22728         0.58807        -7.36884
  493           3.0149        12.43201        -0.45271        -9.41712
  494           2.5171        13.51023        -2.08481       -10.99313
  495            4.821        11.63152         1.49099        -6.81051
  496           4.0769        12.26213        -1.29402        -8.18520
  497           6.6856        13.58334        -1.21954        -6.89774
  498           4.7284         9.70566        -1.29027        -4.97728
  499           7.4282         9.05182         1.98625        -1.62360
  500           5.8299         9.19327        -0.31583        -3.36334
  501           3.4836        12.32715        -3.29441        -8.84352
  502           5.8107        13.70009        -1.76591        -7.88938
  503           16.953        13.28513        -1.97085         3.66777
  504           8.9103        13.18809         1.56660        -4.27780
  505           9.0879        13.80638         0.29227        -4.71844
  506           8.5049        12.37312        -2.02244        -3.86817
  507           3.4708        10.15063        -2.44871        -6.67983
  508            3.681        10.04375        -1.44238        -6.36273
  509           5.2242         9.18023        -1.15285        -3.95600
  510             9.07         8.62307         2.38712         0.44691
  511           5.9227         8.95867        -0.10886        -3.03600
  512           7.4865         9.17251         0.76045        -1.68597
  513           6.9095         9.10156         0.87022        -2.19209
  514           5.8748         9.05780        -1.50413        -3.18304
  515           5.8879         9.02876        -1.17657        -3.14085
  516           4.9585         8.98153        -1.37669        -4.02303
  517           4.9428         9.20852        -1.10768        -4.26567
  518           7.3862         9.79933         0.33778        -2.41314
  519           14.571        11.47902         5.00427         3.09158
  520           11.056        11.14913         2.06160        -0.09283
  521            9.591        10.92791         1.05490        -1.33687
  522           4.9151         9.86354        -1.95589        -4.94843
  523           8.7013         9.91571         3.02580        -1.21445
  524           5.7834        10.15479        -1.84598        -4.37143
  525           4.3092        10.94392        -3.38512        -6.63469
  526           5.2047        12.22298        -1.01692        -7.01830
  527           5.3149        11.56693        -0.71333        -6.25200
  528           9.7142        12.30110         1.15313        -2.58689
  529           14.538        13.49096         4.22164         1.04674
  530           5.9746        10.75298        -0.08477        -4.77834
  531           2.2615        11.23704        -4.28585        -8.97550
  532          0.79461        10.82548        -1.69941       -10.03087
  533            2.627        10.50877        -0.09901        -7.88181
  534           1.5723        11.10237        -2.52375        -9.53008
  535           5.5635        10.65523         2.38869        -5.09177
  536           3.1784        13.62612        -5.46658       -10.44777
  537           17.973        14.19491         4.70631         3.77829
  538           11.742        14.22778         0.01016        -2.48528
  539           12.302        13.81698         1.28520        -1.51508
  540           12.527        15.95339         0.90995        -3.42669
  541           7.6975        16.05037        -2.67475        -8.35285
  542           9.0668        15.50650        -1.72704        -6.43967
  543           5.3028        14.97879        -4.41238        -9.67599
  544           10.482        15.77236        -2.82060        -5.29066
  545           14.649        15.29234         2.57939        -0.64334
  546           17.338        14.82560         4.65740         2.51210
  547           12.866        15.57517         1.20381        -2.70887
  548           14.486        14.60207         3.50347        -0.11597
  549           24.755        15.94447         0.54836         8.81083
  550            8.614        13.91401        -1.53160        -5.30003
  551           10.298        14.18262        -0.80241        -3.88452
  552           10.176        14.05071        -0.41693        -3.87511
  553           12.387        14.30846        -0.61798        -1.92176
  554           13.386        14.24945         0.94812        -0.86305
  555           10.324        14.26160        -1.16672        -3.93740
  556           4.2796        13.07795        -3.36116        -8.79831
  557           12.832        14.06662         3.16709        -1.23482
  558           5.5085        13.59726        -3.59750        -8.08873
  559            3.569        14.64038        -6.53321       -11.07136
  560           9.4161        13.12387         2.31801        -3.70775
  561           1.1773        13.05358        -3.64000       -11.87632
  562           8.3893        13.36525         1.03642        -4.97592
  563           4.4175        13.12235        -2.42347        -8.70486
  564           5.2486        13.08862        -0.81123        -7.84001
  565            7.221        15.31799        -5.27322        -8.09704
  566           13.662        13.60793         3.33846         0.05417
  567           12.698        14.35401         1.33305        -1.65631
  568           14.658        14.30532         2.04311         0.35248
  569           10.801        13.97040        -0.08839        -3.16950
  570           10.373        13.91976        -2.04388        -3.54716
  571           13.101        15.17486         4.43593        -2.07406
  572            17.74        14.34281         7.24495         3.39739
  573           2.2466        13.71963        -6.86399       -11.47305
  574           7.8228        17.34769        -0.31878        -9.52490
  575           5.3525        16.14137        -2.37958       -10.78890
  576          0.89155        14.55525        -4.56931       -13.66370
  577            6.081        16.59837        -1.58939       -10.51733
  578           5.4165        16.57792        -1.42249       -11.16146
  579            5.963        17.52903        -2.17385       -11.56605
  580           6.9491        18.12264        -3.19384       -11.17350
  581           11.253        17.45680         2.72295        -6.20380
  582           13.348        18.98178         2.62243        -5.63428
  583           12.775        18.68130         1.53267        -5.90670
  584           5.1164        18.18245        -1.95738       -13.06603
  585           3.4386        18.70845        -3.37009       -15.26982
  586            6.182        18.36364        -3.26736       -12.18164
  587           10.809        19.09541         1.29753        -8.28691
  588           7.6987        18.84121        -1.16934       -11.14251
  589           13.671        18.87489         2.76491        -5.20359
  590           9.1383        17.91194         1.37271        -8.77360
  591           11.136        18.28722         2.53694        -7.15082
  592           3.1146        16.80726        -1.44016       -13.69263
  593           2.7393        17.05127        -0.78658       -14.31193
  594           8.5563        17.27134         2.30385        -8.71506
  595           2.6996        17.51519        -3.18454       -14.81556
  596           2.5003        17.73869        -5.69404       -15.23839
  597           10.565        14.79872         2.40866        -4.23342
  598            14.38        14.38049         4.61660        -0.00019
  599           5.4883        15.03541         1.29954        -9.54706
  600           1.5368        14.55355        -4.09121       -13.01680
  601           3.6243        14.85435        -2.67866       -11.23006
  602           4.4733        15.12056        -4.49749       -10.64729
  603           11.503        19.22879         2.79544        -7.72569
  604           10.177        19.22128         0.28189        -9.04478
  605            5.019        19.14775        -1.35787       -14.12874
  606           3.1956        18.62746        -1.57591       -15.43182
  607           3.1189        18.19144        -1.42402       -15.07255
  608           2.5531        18.44382        -2.09333       -15.89068
  609           4.1642        18.81692        -2.61585       -14.65271
  610           2.9415        19.23813        -6.84448       -16.29658
  611           3.9417        14.63107        -2.74876       -10.68941
  612           3.7184        14.45079        -2.07379       -10.73236
  613           5.9654        14.77158        -4.78758        -8.80614
  614           10.441        14.97826         0.90327        -4.53706
  615           8.5236        14.99662        -7.68066        -6.47301
  616           29.503        15.21045        13.44805        14.29215
  617           12.486        18.43779        -1.20904        -5.95149
  618           2.0605        17.94210        -6.33602       -15.88162
  619           17.252        18.45646         3.61204        -1.20456
  620           5.2193        18.38918        -3.12447       -13.16987
  621           11.076        18.46351         0.73246        -7.38711
  622           10.636        18.15286        -1.20119        -7.51636
  623           12.775        18.97293         0.50399        -6.19773
  624           10.852        18.80197         2.91408        -7.94947
  625           5.6394        15.18066        -2.12538        -9.54126
  626           5.7749        14.32231        -1.42211        -8.54741
  627           8.8108        15.65903         1.09492        -6.84826
  628           14.165        16.60847         5.51013        -2.44317
  629           7.6979        14.48403         0.48321        -6.78613
  630           1.6723        16.01520        -4.37276       -14.34293
  631           10.833        14.98332         3.17229        -4.15022
  632           10.451        16.57965         1.24694        -6.12845
  633           3.8223        16.70379        -2.75967       -12.88149
  634           3.2651        17.67859        -0.98848       -14.41351
  635            2.568        16.98905        -1.15325       -14.42102
  636           3.2221        17.47782        -1.81292       -14.25570
  637           3.5944        18.00592        -0.56752       -14.41151
  638           7.5621        17.34134        -0.20455        -9.77923
  639            3.417        17.70734        -1.46653       -14.29031
  640           10.812        14.60910         1.91095        -3.79740
  641           13.183        15.60581         2.71983        -2.42271
  642           11.374        15.00640         1.12193        -3.63240
  643           7.2221        13.76885        -0.71212        -6.54679
  644           12.676        14.89756         2.72256        -2.22196
  645             9.41        14.05044        -0.54050        -4.64047
  646           4.5279        12.38958        -0.11516        -7.86168
  647           9.1972        13.11846         2.97789        -3.92129
  648            4.716        11.37458         1.08675        -6.65854
  649           4.8904        11.50244         0.73113        -6.61208
  650           4.5058        12.15608        -1.25538        -7.65026
  651           5.8686        12.60448        -0.78340        -6.73592
  652           1.2993        11.46452        -2.64385       -10.16524
  653           4.5183        11.94850        -1.37680        -7.43022
  654           25.695        15.17924         9.72873        10.51536
  655           14.629        14.49413         1.39877         0.13477
  656           6.6337        14.42972        -7.01193        -7.79607
  657           5.1061        14.12398        -3.07838        -9.01788
  658           2.8888        13.37252        -6.04409       -10.48374
  659           6.6151        14.01653        -4.47815        -7.40138
  660           11.564        13.62054         3.17361        -2.05614
  661           5.1731        13.54585        -7.07423        -8.37274
  662           11.922        13.51883         1.37331        -1.59723
  663           4.9862        14.89658        -4.08985        -9.91040
  664           5.9321        14.00762        -0.76196        -8.07548
  665           4.7096        14.71247        -1.98646       -10.00285
  666           4.8637        14.95853        -2.89575       -10.09479
  667           7.3452        14.59059         0.28529        -7.24536
  668           9.4361        15.11345         0.01115        -5.67737
  669           5.9263        14.84907        -1.52363        -8.92281
  670           3.2311        18.04913        -3.50008       -14.81802
  671           6.6619        18.45199        -0.73465       -11.79014
  672           10.933        18.68223         2.42081        -7.74963
  673           4.7592        16.28412        -2.45596       -11.52490
  674           10.358        18.55706         0.10323        -8.19946
  675           11.479        17.27278         2.74489        -5.79388
  676           7.7764        16.79743        -0.72271        -9.02104
  677            10.07        17.86704         0.80899        -7.79734
  678           6.8104        17.23430        -2.58097       -10.42388
  679           8.0251        16.25056        -1.49898        -8.22549
  680            6.232        16.64005        -6.38356       -10.40805
  681           7.2691        19.73818        -0.96513       -12.46905
  682           5.0454        18.43142        -1.66842       -13.38597
  683           3.2343        17.35202        -1.89609       -14.11769
  684            3.649        19.04141        -3.93698       -15.39238
  685           2.3017        18.27373        -2.87189       -15.97206
  686           7.1302        19.37617        -0.73798       -12.24595
  687           9.5274        19.41852         0.07370        -9.89111
  688           7.7392        15.54297        -1.68209        -7.80375
  689           10.843        15.29025         0.29286        -4.44715
  690           9.0598        15.75068        -0.04510        -6.69089
  691            12.82        15.37830         2.36073        -2.55780
  692           5.4316        15.73644        -1.06801       -10.30483
  693           7.4961        15.68433        -1.25467        -8.18819
  694           4.9297        16.19649        -3.28414       -11.26680
  695           10.761        15.42238         1.21582        -4.66098
  696           21.473        17.67360         3.33440         3.79940
  697           19.546        16.86640         2.21851         2.67930
  698           31.033        16.49132        10.55056        14.54168
  699           6.9153        17.60994        -4.06800       -10.69469
  700           10.184        16.46363        -2.83597        -6.27983
  701           4.3111        18.44387        -6.82279       -14.13280
  702           8.0269        17.74745        -4.42121        -9.72059
  703           18.528        17.55906         2.72429         0.96924
  704          0.79217        17.77541        -5.97200       -16.98324
  705           4.3121        16.74411        -4.09312       -12.43199
  706           3.6226        17.49241        -0.94971       -13.86984
  707           4.3191        19.49485        -5.33260       -15.17573
  708            4.093        18.84623        -3.50911       -14.75318
  709           9.2572        19.04407        -2.32498        -9.78688
  710           9.2659        12.48221         0.50999        -3.21634
  711           9.0732        13.34290        -2.06036        -4.26970
  712           20.396        16.11362         3.57720         4.28288
  713           3.9376        15.16567        -1.25159       -11.22810
  714           10.717        15.46224         0.56469        -4.74494
  715            3.825        15.62144        -2.16473       -11.79648
  716           85.889        16.32005        36.22341        69.56925
  717           19.905        15.41222        -0.25394         4.49328
  718           28.999        16.72887         3.78378        12.27023
  719           22.053        15.64666         1.10898         6.40664
  720           25.559        17.79286         3.04306         7.76624
  721           27.384        18.02163        -0.73916         9.36257
  722            20.73        17.53404        -0.42725         3.19636
  723           19.171        17.08505         1.74618         2.08585
  724           17.396        16.54495        -1.81973         0.85065
  725           30.451        17.69194         4.25929        12.75916
  726           30.379        17.68050         1.12188        12.69870
  727           24.948        17.64766         0.63461         7.30004
  728           17.667        16.82416         1.04069         0.84324
  729           18.307        16.91999        -0.60246         1.38731
  730           17.669        16.90028        -0.16352         0.76902
  731           11.001        16.81745        -6.87052        -5.81605
  732           20.687        16.46670         1.48011         4.22040
  733           25.675        16.81052         3.22830         8.86468
  734            13.08        17.13893        -3.00439        -4.05883
  735           12.344        17.75423        -8.08249        -5.40983
  736            14.52        17.68033        -2.99675        -3.16083
  737           12.546        16.77229        -2.19829        -4.22589
  738           11.286        16.65817        -3.77695        -5.37267
  739           7.1474        16.75546        -4.75855        -9.60810
  740           19.051        17.30067         1.22599         1.75003
  741           22.484        15.75912         1.36725         6.72528
  742           27.089        16.97394         4.72136        10.11476
  743           17.015        16.25332        -0.06743         0.76188
  744           7.2114        15.99375        -3.99404        -8.78231
  745           19.827        17.00378         0.18230         2.82292
  746           11.982        16.93583        -2.54267        -4.95353
  747           15.399        15.93646        -1.34266        -0.53796
  748           11.178        15.05306        -0.43497        -3.87466
  749           14.646        15.25750         1.31177        -0.61160
  750           10.511        15.05831        -4.92442        -4.54681
  751           15.399        15.02838        -0.22224         0.37072
  752           19.671        14.15381         4.61805         5.51719
  753           11.224        12.63031        -5.93928        -1.40601
  754           8.7361        13.65648        -6.38729        -4.92041
  755           12.173        13.58899        -3.58121        -1.41579
  756           24.542        12.93816         8.29360        11.60424
  757           7.9103        15.63927        -6.63285        -7.72893
  758           59.165        15.76335        27.20188        43.40195
  759            25.25        15.73722        -3.93046         9.51308
  760           40.515        15.43667        11.76673        25.07833
  761           23.017        14.33307         5.01312         8.68393
  762           23.705        14.45279         3.78979         9.25261
  763            22.14        14.34135         1.94199         7.79815
  764           19.485        14.58403        -3.41434         4.90077
  765           6.7222        15.18867        -5.49860        -8.46650
  766            18.25        15.01108        -1.27884         3.23902
  767           29.893        16.47500         7.57210        13.41840
  768           33.554        15.29710         4.90435        18.25730
  769           32.206        15.26702         3.04327        16.93868
  770           26.553        16.61676        -0.82333         9.93584
  771            19.28        16.05392         0.59680         3.22608
  772           21.444        16.96287         0.19796         4.48153
  773           34.526        15.93854         5.45557        18.58706
  774           21.085        16.24614        -0.49559         4.83876
  775           28.123        15.44738        -0.85242        12.67562
  776           38.958        14.90621         5.86799        24.05149
  777           25.675        14.44973         0.64251        11.22487
  778           35.635        15.31072         3.50683        20.32418
  779           40.541        14.69664         6.38841        25.84386
  780           32.352        16.03777         0.40099        16.31373
  781           38.785        15.47251         4.58177        23.31219
  782           6.9833        14.67768        -2.19032        -7.69441
  783           5.9221        14.98804        -3.33421        -9.06592
  784           8.3093        14.81336        -5.28530        -6.50405
  785           20.792        14.72035         2.43163         6.07205
  786           10.404        14.79234        -4.99797        -4.38854
  787           17.148        15.30848         0.03778         1.83952
  788           29.335        14.94043         6.77619        14.39497
  789           27.552        15.40718        11.76746        12.14472
  790           29.303        14.27958         9.58449        15.02322
  791           32.042        15.18988         7.41065        16.85182
  792           6.2847        14.90965        -3.09797        -8.62500
  793           7.2508        16.27458        -7.40856        -9.02376
  794           25.726        13.39124         9.37022        12.33476
  795           21.991        13.04138         3.12624         8.94962
  796             18.5        14.05233        -2.02875         4.44777
  797           17.754        13.53690         2.97992         4.21670
  798           16.991        12.76173         2.24455         4.22917
  799           8.6288        12.66397        -6.43347        -4.03517
  800           8.7005        12.40071        -4.62152        -3.70019
  801           10.259        12.35550        -2.82520        -2.09600
  802           13.895        11.00410         3.36558         2.89090
  803           8.3766        11.36704        -3.31637        -2.99041
  804           23.524        13.54609         5.23429         9.97801
  805           20.174        14.67334        -1.59176         5.50016
  806            18.48        15.15878        -4.49299         3.32142
  807           31.996        15.36055         3.43313        16.63525
  808           21.783        15.04877         3.75226         6.73463
  809           28.593        14.00727         5.94913        14.58573
  810           16.973        14.59365        -6.01962         2.37945
  811           19.864        14.05514        -6.02687         5.80856
  812           23.074        13.99236         2.00952         9.08204
  813           22.372        15.64027        -2.27661         6.73123
  814           21.328        14.06472         1.67725         7.26358
  815           24.213        14.17275        -2.38079        10.04055
  816           31.724        14.59366         6.48436        17.13074
  817           23.271        14.16858         1.15516         9.10272
  818           14.965        12.77197         0.08511         2.19283
  819           10.452        12.01895        -0.80823        -1.56725
  820           12.758        12.44300        -3.26850         0.31510
  821           17.323        14.05715        -3.63703         3.26585
  822           18.544        14.07166        -2.52262         4.47194
  823           18.341        12.76490        -1.08020         5.57580
  824           25.172        13.68377         5.50753        11.48783
  825           22.671        14.37415        -1.12542         8.29705
  826           24.271        13.60467         4.65980        10.66683
  827            19.89        14.46031        -1.94744         5.43019
  828           22.424        14.66343        -1.36389         7.76017
  829           14.101        17.24863        -3.92025        -3.14773
  830           11.657        17.32601        -9.29248        -5.66881
  831           22.528        17.41170       -25.55429         5.11620
  832           28.048        16.54189        -3.28227        11.50571
  833           19.119        14.93360        -6.59573         4.18550
  834           18.807        16.58208        -0.72142         2.22452
  835           18.196        16.52078        -2.21183         1.67482
  836           27.741        14.38934         2.69229        13.35216
  837           26.027        14.37874         2.43815        11.64866
  838           27.034        15.44455         4.22942        11.58925
  839           32.697        14.45405         8.33957        18.24335
  840           21.228        15.05613        -3.28127         6.17197
  841           26.515        14.72307         0.00387        11.79243
  842           24.822        14.41908         2.11134        10.40262
  843           46.855        16.71453        -1.06464        30.14087
  844           76.633        16.92257         8.99789        59.71043
  845           17.999        16.21429       -15.61022         1.78451
  846           38.811        15.76347        -1.68467        23.04793
  847           91.222        16.27035        35.84666        74.95115
  848           25.885        16.62744         3.44115         9.25766
  849           15.061        16.22448        -7.58186        -1.16358
  850           23.714        16.16742        -0.23436         7.54638
  851           15.032        16.78802        -5.70029        -1.75632
  852           26.864        16.64884        -1.13382        10.21526
  853           40.085        16.97315         1.86840        23.11155
  854           26.387        16.89339       -10.57067         9.49411
  855           17.297        16.41802        -3.17903         0.87868
  856           27.424        15.60398        -2.06967        11.81972
  857             31.5        15.57700         0.44940        15.92320
  858           35.309        15.23299         6.08906        20.07591
  859           31.395        14.90302         4.75134        16.49248
  860           22.296        14.06466        -2.08953         8.23144
  861           41.327        16.27827         5.23863        25.04883
  862           29.318        15.05687         1.03757        14.26133
  863           111.48        17.64657        58.01161        93.83243
  864           9.9809        14.75183        -6.45492        -4.77091
  865           12.334        14.58361        -4.29649        -2.24961
  866           33.561        16.00474        -1.39116        17.55666
  867           45.658        16.36268        -1.50350        29.29522
  868           19.242        15.07682        -3.87582         4.16508
  869           24.018        14.87942         2.13578         9.13848
  870            16.36        15.09580        -1.74134         1.26420
  871           5.9742        15.83452       -12.16854        -9.86029
  872           15.928        15.66295        -1.26670         0.26485
  873            35.37        14.33520         6.29187        21.03460
  874           13.681        15.09767        -4.50895        -1.41707
  875           9.4549        15.00520        -4.02767        -5.55033
  876            15.06        14.83016        -6.66238         0.22964
  877           17.256        17.57614        -3.01811        -0.32004
  878            33.74        17.76919         6.72739        15.97091
  879            24.15        17.52360         3.22436         6.62670
  880           37.729        16.96965         3.69308        20.75925
  881            21.86        17.69927         0.00337         4.16113
  882           68.908        17.34531        14.74668        51.56229
  883           21.779        17.08843         3.23562         4.69037
  884           22.294        14.75628         0.98155         7.53822
  885           34.168        16.24894         9.99997        17.91876
  886           38.121        16.68596        10.01710        21.43514
  887           13.307        16.55036        -9.57653        -3.24366
  888           45.367        18.11426        10.31790        27.25264
  889           13.178        16.85666        -0.17080        -3.67916
  890           26.027        17.99642        -0.53680         8.03108
  891           20.177        13.50881         2.77795         6.66849
  892           22.222        14.35587         1.28882         7.86643
  893           16.469        11.60013        -1.56873         4.86897
  894           20.035        11.64070         0.60366         8.39480
  895           9.2452        18.13568        -7.19394        -8.89047
  896           9.1491        18.40261        -3.30820        -9.25350
  897           13.532        18.62633        -1.23232        -5.09433
  898           15.385        18.33049         0.56583        -2.94539
  899           19.057        17.18946         1.69120         1.86734
  900            12.12        17.74242        -2.83313        -5.62272
  901           8.9187        18.03549        -2.59599        -9.11676
  902            16.42        17.09316        -2.83156        -0.67316
  903           14.834        16.73336        -6.20062        -1.89986
  904           24.584        17.53469         1.44200         7.04931
  905           30.799        17.77857         4.37386        13.02013
  906           22.086        17.80226        -0.39560         4.28374
  907           13.447        17.16860        -4.80680        -3.72130
  908           13.246        16.91306        -5.01596        -3.66686
  909           36.857        17.09730         8.53666        19.75940
  910           31.584        17.66451         3.41711        13.91909
  911           23.887        15.61372         3.06887         8.27328
  912           26.956        16.55650        -0.65322        10.39930
  913             37.2        16.82165        -5.97691        20.37875
  914           17.397        15.98525        -1.95126         1.41215
  915           12.907        16.60903        -5.62987        -3.70193
  916           24.393        16.17048         3.07097         8.22292
  917           22.559        16.56238        -5.33929         5.99632
  918           14.405        11.68842        -0.49233         2.71698
  919           20.246        11.89054         1.79768         8.35586
  920           8.1337        15.18661        -2.27646        -7.05294
  921           8.9006        13.57997        -3.10236        -4.67940
  922           6.0565        16.14708        -6.79618       -10.09057
  923           6.7497        13.12033        -5.91678        -6.37064
  924           19.545        15.67082         3.35842         3.87448
  925           8.5179        17.11796        -3.19992        -8.60009
  926           13.701        10.98926        -3.01421         2.71194
  927           22.721        10.05888         5.52253        12.66202
  928           21.249         9.83920         3.88691        11.41020
  929           12.813        10.73199        -0.46071         2.08141
  930           10.548        11.46908        -4.24485        -0.92128
  931           27.391        13.62384         5.39618        13.76706
  932           22.427         9.92918         5.73105        12.49772
  933           15.559         9.67596         1.08340         5.88324
  934           19.994        17.37998         0.38095         2.61412
  935           19.419        17.42858         1.84085         1.99082
  936            26.11        16.67802         4.82322         9.43208
  937           22.001        16.66954         2.46938         5.33106
  938           15.773        16.94163        -1.62597        -1.16843
  939           17.163        17.72134         0.77425        -0.55864
  940           19.463        17.93948         1.74585         1.52322
  941           14.418        14.73753         4.43419        -0.32003
  942           28.729        14.38293         4.51074        14.34637
  943           22.521        10.28465         5.71733        12.23685
  944           24.752         9.61863         4.09612        15.13327
  945           11.813        11.63895        -4.96347         0.17445
  946           19.242        13.90942        -7.37892         5.33228
  947           38.111        16.45431         6.19390        21.65709
  948           69.057        17.22696        18.61788        51.82964
  949           30.694        17.57513         5.18925        13.11887
  950            26.29        17.56818         4.51135         8.72202
  951           11.417        16.51229        -1.69871        -5.09569
  952           23.805        18.63871        -8.18989         5.16679
  953            39.48        18.57904         8.45188        20.90126
  954           41.185        18.18689        -2.16419        22.99831
  955            27.82        17.46014        -1.42123        10.35936
  956           27.281        17.07407         0.30956        10.20693
  957           18.194        18.54366         3.36200        -0.34956
  958           21.428        17.21127         2.37937         4.21713
  959           16.149        16.72906         2.31662        -0.58026
  960           13.452        15.44128        -0.94006        -1.98928
  961           17.254        16.38125         3.50041         0.87305
  962           25.179         1.31404        23.86506        23.86506
  963           29.919        17.56908         1.45383        12.35002
  964           21.179        12.13139         6.54443         9.04801
  965           30.738        16.52812         5.80882        14.21008
  966           36.001        16.53630         6.05084        19.46490
  967           22.456        12.87432         4.50587         9.58148
  968           33.302        13.39552         8.65326        19.90678
  969           38.364        13.06511        14.78437        25.29899
  970           32.286        12.72502        15.05811        19.56098
  971           9.0081        10.87996         0.86784        -1.87184
  972           7.2678        10.41939        -0.43526        -3.15157
  973           8.7118        11.82153        -9.41221        -3.10973
  974           8.1374        11.33103        -4.04387        -3.19361
  975           7.7356        11.01021        -1.61280        -3.27460
  976           23.446        11.54206        10.52197        11.90394
  977           13.439        11.59589        -3.11534         1.84331
  978           7.9124        10.75813        -1.15356        -2.84574
  979           2.5016        10.57626        -3.47940        -8.07467
  980           4.7695        10.05939        -0.97173        -5.28988
  981           3.3473        13.24288        -2.62373        -9.89554
  982           6.3918        13.66086        -0.95510        -7.26911
  983            13.03        13.56197        -2.92621        -0.53207
  984           19.628        13.66610         3.50564         5.96160
  985           13.603        13.69612        -1.99797        -0.09322
  986           20.188        13.99098         4.19988         6.19722
  987           15.425        13.65388         1.99915         1.77142
  988           13.925        13.72484        -0.78838         0.20056
  989           9.8231        13.62528        -0.41658        -3.80217
  990           6.4052        13.87509        -3.75398        -7.46992
  991           16.096        13.36365         1.94959         2.73195
  992           11.626        13.06918        -2.32153        -1.44308
  993           20.878        12.99398         6.37887         7.88442
  994           16.361        13.09882         3.62157         3.26258
  995           11.003        12.83746        -2.19838        -1.83426
  996           12.949        12.91962         0.74476         0.02918
  997           9.8226        12.81050         0.95954        -2.98788
  998           4.5448        13.46444        -2.70384        -8.91963
  999           8.2217        12.90957         0.04759        -4.68786
 1000           23.283        14.23363         6.05299         9.04907
 1001           25.643        14.12970         8.75200        11.51370
 1002           16.059        14.01440        -3.93834         2.04480
 1003           17.857        13.54525         4.11622         4.31135
 1004           14.613        13.72847        -2.00957         0.88483
 1005           18.346        13.87267         0.80623         4.47293
 1006           18.649        13.77623         4.03445         4.87247
 1007              8.4        13.75433        -3.98836        -5.35434
 1008           19.065        14.27155         3.44730         4.79355
 1009           21.708        14.53686         5.06482         7.17104
 1010           14.754        14.10061        -0.52169         0.65339
 1011           3.3945        12.43396        -3.14022        -9.03946
 1012           4.9005        12.97144        -1.69617        -8.07091
 1013           7.3667        13.57406         0.20882        -6.20731
 1014           6.4913        13.07297         0.31199        -6.58163
 1015           2.6987        13.45443        -4.47554       -10.75578
 1016           8.2508        13.07012         3.13257        -4.81934
 1017           2.8796        13.23988        -2.96180       -10.36031
 1018             8.43        13.01379         0.33445        -4.58380
 1019           5.3949        13.75111        -6.99443        -8.35616
 1020           14.358        14.23718         0.32000         0.12092
 1021           16.199        14.07710         1.21288         2.12200
 1022           18.717        13.94296         2.56553         4.77414
 1023            14.82        14.53039         0.51775         0.29011
 1024           18.692        14.40452         4.47978         4.28788
 1025           8.0201        14.36517        -3.14168        -6.34505
 1026           13.094        14.20985         1.17090        -1.11545
 1027           9.4828        14.59170        -2.01578        -5.10888
 1028           13.649        14.30131        -1.38721        -0.65181
 1029           15.701        14.15352        -2.45848         1.54758
 1030            16.58        13.98569         0.29826         2.59451
 1031           18.817        14.05718         1.67019         4.76032
 1032           12.212        14.63725        -0.44833        -2.42525
 1033           10.983        14.42828        -3.14173        -3.44558
 1034           15.902        14.43093         1.64108         1.47057
 1035           13.421        14.00097        -2.81687        -0.57947
 1036            17.25        14.06465         0.28960         3.18575
 1037           12.192        13.31649        -1.57758        -1.12409
 1038           18.454        13.71138         2.06833         4.74312
 1039           8.1343        13.65523        -3.14547        -5.52088
 1040           10.732        13.19237         2.12141        -2.45987
 1041           17.251        13.61013         3.39984         3.64107
 1042           17.653        13.79540         1.75075         3.85750
 1043           20.183        14.12390         2.52477         6.05940
 1044           12.971        13.90681        -1.13254        -0.93551
 1045           11.075        13.56609        -4.39184        -2.49149
 1046           9.4127        13.06798         0.41894        -3.65528
 1047           3.9878        12.57639        -3.99534        -8.58856
 1048           9.7065        12.78998         0.89704        -3.08347
 1049           10.748        14.47788        -4.46567        -3.72978
 1050           15.825        14.10151         2.20391         1.72329
 1051           10.143        14.08014        -4.41477        -3.93694
 1052           21.649        14.16072         3.25252         7.48798
 1053           20.139        14.50188         1.41466         5.63672
 1054           17.371        14.95771         2.00719         2.41349
 1055           8.0859        12.59763        -2.35141        -4.51175
 1056           5.0037        11.79284        -8.71407        -6.78910
 1057           8.2951         9.29662         0.12746        -1.00154
 1058           5.1156         9.26623        -1.65264        -4.15062
 1059           7.3782         9.11757        -1.20422        -1.73935
 1060            3.915         9.44847        -1.00196        -5.53343
 1061           3.5114         9.72698        -1.58928        -6.21553
 1062           6.7778         9.77140         2.00906        -2.99360
 1063           7.3459        10.08835         0.88637        -2.74249
 1064           2.3227        10.73697        -4.22437        -8.41424
 1065           8.3613        10.64775         0.94132        -2.28640
 1066           1.9974        10.41944        -2.61043        -8.42208
 1067           5.7209         9.36650        -0.43727        -3.64557
 1068           8.4875        10.22697         1.64776        -1.73952
 1069            7.087         9.88197         0.73982        -2.79493
 1070           6.0918         9.21549        -1.30475        -3.12372
 1071           5.8428         9.14072        -0.25850        -3.29788
 1072           6.3144         9.17591         0.06035        -2.86153
 1073           7.7862         9.28898         1.58291        -1.50278
 1074           1.6277         9.30628        -4.10552        -7.67857
 1075           9.9809         8.85193         2.92820         1.12894
 1076           7.2587         8.87385        -1.52574        -1.61516
 1077           5.4347         8.92093        -2.34863        -3.48625
 1078           7.3638         9.81056         2.02015        -2.44675
 1079           4.4875         9.17652        -1.51717        -4.68902
 1080           4.1149         9.55998        -1.31905        -5.44511
 1081           13.916         8.40216         4.76213         5.51374
 1082           13.558         8.47239         4.85992         5.08571
 1083           11.325         8.77787         2.21288         2.54673
 1084           7.1013         9.10873        -0.04236        -2.00743
 1085             4.09         9.25375        -2.88629        -5.16370
 1086           3.1465         9.26797        -0.81142        -6.12146
 1087           3.1872         9.29410        -1.40412        -6.10690
 1088           4.6984         9.87263         1.01846        -5.17419
 1089           3.0891        10.53283        -1.64939        -7.44372
 1090           3.8844         9.71813        -1.21789        -5.83374
 1091           3.5199         9.53987        -1.70515        -6.01994
 1092           3.0483         9.03112        -2.46966        -5.98280
 1093           8.2481         8.97715         3.88109        -0.72906
 1094           8.9166         8.58319         0.56218         0.33341
 1095            4.767         9.10961        -2.96606        -4.34262
 1096           2.6761         9.61546        -3.39433        -6.93939
 1097           9.5896         9.66416         2.83479        -0.07456
 1098           6.7433        10.58485        -1.95754        -3.84156
 1099           12.757        11.01917         7.34030         1.73773
 1100            8.716        10.51067         2.25641        -1.79464
 1101           2.3801         9.60960        -2.15848        -7.22949
 1102           2.7162        11.03346        -0.96527        -8.31723
 1103           3.5135        11.01671        -2.09826        -7.50324
 1104           3.2305        10.22197        -0.02605        -6.99144
 1105           3.8765         8.38089         0.06365        -4.50441
 1106           2.7515         8.79187        -1.14168        -6.04042
 1107            2.881         8.75943        -2.04270        -5.87840
============================== END OF REPORT ================================

